>Model: base_python_model_20260505_121602.txt
>Data used to train: /Users/andregodinho/Documents/GitHub/ANN_Backprop_Implement/data/training_set.howlin
>Number of samples: 4266
>Epochs: 200
>Learning rate: 0.01
>Batch size: 32
>Learning rate decay: 0.95
>Decay every: 20
>L2 lambda: 0.0001
>N layers: 4
>Architecture: 27,32,16,1
>Activation hidden: relu
>Activation output: sigmoid
>Loss function: binarycrossentropy
>Layer 0 weights: 32x27
-0.1824363896 0.1683035967 -0.3962963999 -0.5071379296 0.0829122578 0.2035705075 0.1555148314 -0.4374503506 0.5257585572 -0.2451404139 -0.1656239856 -0.1279703234 0.2065888372 0.1420537956 0.1048201394 0.2913310208 -0.1435182844 0.1378749206 -0.0710091983 -0.0436348177 -0.1521648224 0.0285099076 0.0743957564 0.3181784063 0.2362920906 0.1782152692 0.4896625369
-0.0766153073 -0.2605788448 -0.3745366462 0.2383267467 -0.1601658507 -0.0642959387 -0.1478580048 -0.1802937655 0.0717848745 0.1013003427 -0.1336531657 0.3757205091 0.0285676643 -0.0894267975 0.1482592928 -0.3446340960 0.1050254154 -0.5625225608 -0.1095865600 -0.3307485847 -0.0332929344 -0.1728010445 0.2298810296 -0.3002516920 -0.6726298652 -0.0846822970 0.3965610225
-0.0047725240 -0.0302455073 -0.0278184571 -0.3606950565 0.1761125814 -0.5457979430 0.2398181976 0.1101656812 -0.0855756985 -0.2206906552 -0.0902795375 -0.4628806355 -0.3981367098 0.1743133225 -0.3334777613 0.4901516708 0.0721672850 -0.1746430893 0.6305782227 0.3380664542 -0.0915951671 0.4822221143 0.0233363869 -0.0294225284 -0.0357378676 0.1339499016 -0.2361051528
-0.2691513164 -0.2953626468 0.2135083434 -0.0440848249 -0.3658473323 -0.1666347699 0.4537755551 -0.2759052276 -0.2779989606 0.3719198286 -0.1397118776 0.0176212904 -0.0568595369 0.1408520181 0.1152705621 0.1636032545 -0.4000850386 0.0416478927 0.0101058654 -0.1896622002 -0.0684195082 0.1233257198 0.6024511520 0.1798413178 -0.2742981363 0.4904190664 0.1396382467
0.1739634625 0.2263261621 0.4044414345 0.3461849857 -0.0950148902 -0.2564758661 -0.0705085820 -0.1885721875 -0.2140586346 0.0528267196 -0.1371282714 0.4951190966 -0.2002264769 0.0214605857 0.3032554092 0.3084015210 -0.2145056202 -0.0535865433 -0.4006744470 0.0139262829 -0.1430291868 -1.0412593627 0.2461224139 0.2381544455 -0.2357788813 0.1249388014 0.7173607463
-0.2322445687 0.1318705421 -0.1445675062 0.0684257189 0.0139072421 -0.2943480920 -0.1301191678 -0.0510763866 0.3844604633 0.1073472307 -0.0796114826 -0.2707617529 -0.2592285298 -0.2744127024 0.1268559528 0.2233873887 0.3586343008 -0.2931351401 0.0615454346 -0.3590086312 0.0243058189 -0.2197472352 -0.5696253830 0.2890330911 -0.3217035870 -0.5307957621 0.1466127576
0.0062014491 -0.2552353185 -0.5727430625 0.3226158063 -0.0444888406 -0.1874446482 -0.6773715293 0.2868323230 0.0401778128 0.1688897396 -0.0912666679 -0.0696978393 0.0005073061 0.0547213119 0.1926044041 0.2078960285 0.1781009752 -0.5963003694 -0.3412734438 -0.0373125766 -1.1828929305 -0.2457592768 0.0199593300 0.0156038301 -0.1119141175 -0.0048301942 -0.0383918401
-0.2478546508 0.1176719208 -0.1918573862 0.2092620926 0.1904068905 -0.2756755955 -0.1102143301 0.5008210286 -0.0236103378 0.0411727916 -0.4987617033 -0.5170069435 -0.1782222341 0.3104838476 -0.4380793205 -0.0684642788 -0.0581211198 0.5797255400 0.1902848106 0.1768971084 -0.7373978586 0.0741306319 -0.6511568587 0.1288131975 -0.3225485687 0.1799646985 -0.0536568582
-0.2766705885 -0.1693789028 0.0174497479 0.0812607182 0.1326972742 0.2667185011 -0.1014332685 -0.4160972808 0.0012308035 -0.2895199293 0.1224795506 -0.1592942035 -0.2509287808 0.3891268195 0.1333707141 0.1036692114 0.4326089726 -0.0132932764 0.5133094882 0.0395214015 -0.2200091533 0.0643467530 0.1097750151 0.2653562575 -0.0010805718 -0.3151755134 -0.2170110498
-0.1514539608 -0.0003984764 -0.3424978986 0.0401777133 -0.1497158080 -0.5484114988 0.2539624185 0.5276935953 -0.4019016823 -0.4065276001 -0.0416718060 0.2660089839 -0.1041712409 0.0573410445 -0.4312629364 -0.1071759238 -0.0160175686 -0.1485521766 0.2276628071 0.0405562061 -0.2937410899 -0.0380351898 0.0592442822 0.1318162126 -0.0733740296 -0.6454377314 -0.3399929869
0.4640542554 -0.0571838385 0.4953526170 -0.5200154330 -0.4902363418 0.2771534974 -0.1942613953 -0.5024439933 -0.0639747841 -0.2135993129 -0.2601541688 0.4135450716 0.3196043018 -0.2122958986 0.1485864693 0.2180904488 -0.3703700204 -0.4523833989 -0.2414590844 -0.2606431256 -0.2722987935 0.0767094002 0.1686597146 -0.3715074004 0.0551198717 -0.5703432082 0.3152871441
0.1315847156 -0.2554450104 0.2780347309 0.2301775069 -0.1174386560 -0.1599636832 -0.0417626832 -0.1915024179 -0.0258563868 -0.2187692135 0.2601824895 0.5600228325 0.1827141309 -0.1428349264 -0.0135439409 0.1059467427 -0.2092824433 -0.2423806701 0.0786561818 -0.1019150377 -0.6211478846 0.0921841399 0.4257840940 0.3087312291 0.3150799601 0.3420090590 -0.2619158788
-0.0420539426 0.0119679830 -0.0828329504 0.1573226553 0.0414144298 -0.3832545933 -0.1535712160 -0.5671850866 -0.2760168494 -0.4870897569 -0.0179597500 0.2226972604 -0.2434312894 -0.4317338610 -0.1101330447 -0.0670980805 -0.3203148794 0.2981649396 0.2237138678 0.1685664764 0.0925604869 0.5054559909 -0.0864853516 0.0612373668 -0.2172595034 0.0256319222 0.1375521281
0.1848350616 0.1201942204 0.0650918691 0.3206651043 0.1648405927 -0.2696101850 0.2219004328 -0.0152028430 -0.5550645582 -0.2908797981 -0.1386078264 0.4277747079 0.0412909666 0.4236569454 -0.1212345470 -0.1806549623 0.0731646238 -0.3095709579 0.0314470433 -0.6411665868 0.2381691310 -0.3235512941 -0.0526608642 -0.1891647819 -0.3350552235 0.2228014044 0.0592100623
-0.5850691191 -0.2202115131 0.3795063741 0.3661394940 0.2128296466 0.1839443829 -0.0898227029 0.3087700796 0.1764811286 0.1586841186 -0.1608979311 0.1526953658 0.1522696882 0.0290743658 0.0942848996 -0.2886901502 0.1991997881 -0.0459559221 -0.0245435851 0.1511814404 -0.0104502369 0.0066313027 -0.0715072411 -0.0004540895 0.2736430977 0.1099566480 -0.0750747535
0.2414432579 -0.0778303631 0.2077692592 0.2368460335 -0.3671662083 0.1172787851 0.0846423596 -0.2835796861 -0.3597000220 -0.1365613750 -0.1964729393 -0.0436741696 -0.0130806949 -0.2297980289 -0.2698876401 -0.4597911047 0.3509901282 -0.0477771463 0.0010670440 -0.1982989721 -0.4127670431 0.1370217503 0.2596306750 0.0580251638 0.0844272505 -0.1264672077 -0.4485199891
-0.2020857168 0.4655622208 0.0138698469 -0.0791500022 0.3947180330 -0.0560681860 0.0880765083 -0.6303378081 -0.4380697889 -0.1271105231 -0.1778862348 -0.0213691193 -0.1702348706 -0.2754070662 0.2481565021 -0.0374882607 0.1096446440 0.4913399395 0.1452287992 -0.3967674832 0.2398873973 0.2774459889 -0.0709357995 0.4128763736 -0.5027366852 0.0622733125 -0.0957226728
0.1303055564 0.3139556054 0.0358332114 -0.1100576310 0.1381656624 0.3091552033 -0.0762347329 0.0010071746 0.1529352136 0.0439105774 -0.1362037638 0.3646022698 -0.1169032006 0.6972406194 0.2945943230 0.1648105616 0.3660787626 0.0367660384 0.1640848777 0.3696789028 0.4505050695 -0.0328595629 0.6464491233 0.0809698960 -0.0409559584 -0.0226017991 0.3142583599
0.0289776015 0.3041520405 -0.6515973084 -0.0135892044 -0.0147065725 0.2351878029 -0.0850788442 -0.0100594845 0.3602007035 0.0897252130 0.0497061002 -0.0305805257 -0.3240308890 -0.0960617723 0.3725245173 0.2666988639 -0.0713358228 -0.0916597075 -0.2584693992 -0.1043365665 0.1963819240 -0.2763593579 0.0128338881 -0.1687759460 -0.1707774856 -0.1060317149 -0.0182076007
0.6648493497 0.3327748369 -0.0821062658 0.4758398396 0.1276350331 0.3640729217 -0.0908987532 -0.0944410215 -0.1342304426 0.5645815623 0.2249949791 -0.0302986741 0.2036494328 -0.4346948885 -0.9237787280 0.1027842029 -0.1555294681 0.1170714810 -0.1842965168 0.1765277895 0.2830418451 0.1057718352 0.0496075931 -0.1612124465 -0.4812616373 -0.1548509259 -0.9769217155
0.1324619826 -0.1305528541 -0.4875802431 -0.0233401867 0.5188905723 -0.4361977344 -0.5015405412 -0.5600662408 -0.0570833402 -0.2222217677 -0.1375549333 -0.2112712518 0.1717402353 0.6581919710 -0.2986361806 0.5237992109 0.3973388968 0.4570064134 -0.0250950590 -0.0213113965 0.1373877761 0.0396429068 -0.3690691940 -0.1434335548 -0.2654936773 0.0059214330 0.4546334822
0.2782679850 -0.1862104785 -0.2680602636 0.3721818614 -0.2899206471 -0.1434170372 0.0542671510 0.2033040149 -0.0435965002 -0.1795766854 -0.1011270066 0.2702454300 -0.4120285409 0.1221463671 -0.0397589440 -0.1187947985 0.1577557393 0.4723250966 0.0345247602 0.0498861378 -0.3867510317 -0.0651544555 -0.1916910024 0.0300891500 -0.4336045413 0.0602396753 -0.1734975052
0.6929901915 -0.0888319538 0.2925117192 0.0968583245 -0.1036971075 -0.3512404325 0.7870533835 0.0255027999 -0.0828781584 -0.0927267969 -0.0554212216 0.3022473229 0.1040971430 0.1645832571 -0.0475812198 -0.4242189344 -0.1372054442 -0.0963379761 -0.3686772103 -0.2245264829 0.4380087504 0.4556459637 0.3487110225 -0.4460642836 -0.0330323188 -0.1984343609 0.0270956331
-0.0775067938 0.4728519239 -0.0712263408 -0.3375231503 -0.2078647160 0.0060965428 -0.0325419667 -0.3760630276 0.1882475281 -0.3520862741 -0.4406249564 -0.2404746568 0.5551296962 -0.0631975910 0.0944366513 -0.3067831817 -0.0478474504 -0.0538113481 -0.0286128475 -0.0637574032 -0.1601688284 0.3751287749 -0.0854060687 -0.1352431198 0.2254593664 -0.2208880373 0.3569613149
0.2988915414 -0.7590196129 0.0649474288 0.4082243162 0.5764439584 -0.1550269921 0.0878050710 0.2305279251 0.3476742851 0.1484292948 0.2889022547 0.0590257156 0.4763085102 0.0700677160 0.4672608108 -0.2016214321 0.0091699544 0.2924146476 0.4852979305 -0.1209951599 0.1375388446 -0.3057211733 0.0031341993 0.0878406577 -0.2488102793 -0.2016878669 0.2315706019
0.1622413847 0.5335810344 0.5029076086 0.2276475489 -0.1440474927 0.3309590828 -0.2757961363 0.0110395172 -0.0980543609 0.0127127253 -0.1030599835 -0.2173268618 -0.1963632534 0.0579184699 0.0453763491 0.4970821884 0.1648117324 -0.3112901106 0.2041789752 -0.4671964860 0.2780479670 0.1082498688 -0.3531172449 -0.2474628977 0.1158600894 -0.3061148976 0.1900284958
0.2984714324 0.2730589939 -0.0180091592 -0.0871261467 -0.3114556741 -0.0621322906 0.0205744695 0.0407380015 -0.0734625585 -0.3712856093 0.3008158286 -0.4850667475 0.2521635072 0.2541144470 -0.2097367350 0.2365632233 -0.1179223170 -0.1357917508 0.0540203996 0.0460278223 0.1906832485 0.2838875051 -0.3562925223 -0.0262962668 -0.2023586875 0.2879968035 -0.2225114173
-0.0317311108 -0.3786142899 0.0885288461 -0.1773422250 0.7462853622 -0.3984445383 -0.0497875555 0.1423315609 0.1424298932 0.1246144354 -0.3478458182 0.2140233186 0.0674270726 0.3627812055 -0.0736279150 0.0515212372 0.1101422190 0.0864316470 0.2306069516 -0.1316051028 -0.2884529600 -0.1452498741 -0.4682554491 -0.2008771339 -0.0722221394 -0.0384030247 0.2238425701
0.4944961748 0.2704372060 0.1912566187 -0.0220426082 0.0561194614 0.0465665444 -0.0186640807 -0.3463982483 0.1445577352 0.3688099833 0.1396635982 -0.3697420673 0.0100088199 -0.2304203788 -0.3469117928 0.2680494991 -0.0671021984 0.3006974027 -0.0084383585 0.2739802459 0.3206042858 0.0592802941 -0.5091551404 -0.6903846134 -0.7673051774 0.6293469401 0.4058111612
0.2087067136 0.0451196952 0.2258785696 0.2542914980 0.5117742199 0.0028183023 0.1740661096 0.1143547676 0.1900638983 0.4180309906 0.3052417689 0.2564931630 0.3014907657 0.2019798839 -0.1420739076 0.0833017212 0.2883535796 -0.1497333606 0.1933475631 0.1607822798 0.2723139281 0.0902153835 -0.3630976604 -0.4287137074 0.1304241393 0.2421236957 0.2984867111
0.1940740097 -0.0014672508 -0.4430838293 -0.0568041872 -0.2335532128 0.2147961470 -0.4080130956 -0.6089484176 -0.0026272731 -0.2456895907 0.3001836468 -0.2157770077 -0.0474851306 0.1313895605 -0.2329924164 -0.1380941229 0.1820377358 0.1424057686 -0.1223475117 -0.0340946566 0.0661183940 -0.5788075744 -0.0168674179 -0.3605844097 0.2038228320 0.2768771431 0.6438441794
-0.2013455550 -0.3726239736 0.1500867031 0.0961073990 0.1237517587 -0.3492895839 -0.0781891259 0.1628712598 -0.1345916663 -0.2317581362 -0.0399935601 0.0640071387 -0.3931049065 0.1000225889 0.4146480963 -0.2146146016 0.1096217468 -0.0757587707 0.3431876602 0.0537510236 0.2846864292 -0.1123325177 -0.3811783509 0.4932990893 0.3371062029 -0.0649939574 0.5922898581
>Layer 0 biases: 32x1
0.0131083440
0.1411297554
0.0674316716
0.0804457088
0.1644140459
0.0228390120
-0.0419576092
0.1161126476
-0.0181271883
0.0213191976
0.0246669099
0.0433679291
-0.1383361499
-0.0028122762
0.0970565410
0.1759516588
0.0285174100
-0.0065018996
-0.0820440402
0.0006219072
-0.0224857929
-0.0387677572
0.0091848377
0.0365220684
-0.0378462627
0.0420941406
-0.0167726224
0.0351361822
0.1412752418
-0.1567020384
0.0479192074
0.0347585007
>Layer 1 weights: 16x32
0.0152101583 0.0642914640 -0.2201103044 -0.0199727186 -0.2616734123 0.0795179873 -0.1861524115 0.2130475999 -0.0080552676 0.0533276071 -0.1812030736 0.0792975661 0.4736065263 0.2390460793 -0.0811531468 0.2853260282 -0.0928997925 -0.0301159186 -0.0298093038 0.1757743512 0.1664988924 0.1583131606 -0.2157213179 -0.0560048568 -0.0850082764 -0.1676686189 -0.0138268752 -0.4227891931 0.0816405769 -0.1349918952 -0.1158797317 -0.0846826527
0.2696100643 -0.2852925365 -0.2230900856 -0.0167294212 0.0782904513 -0.1960235178 -0.4918458093 0.6874657246 0.4555230001 -0.1769405830 0.0068138784 -0.0607002716 -0.4191823496 -0.6050631839 0.4793441750 -0.1725246207 0.1009736604 0.4318898791 0.0435353703 0.1742466540 -0.3183886670 -0.1634468443 -0.4482957531 0.1140545418 -0.0507670796 0.0826187470 0.1188182791 -0.2138156819 0.2199878197 -0.0990306280 -0.4892557757 0.1588308784
0.1164258811 0.0177600417 0.1709770920 -0.1664311853 -0.0606553172 -0.2931845062 -0.0967241646 -0.1904347783 0.0360592779 0.2643450597 0.0020267636 -0.4094681167 -0.0777446811 -0.2007419624 -0.2706828468 -0.1539556484 0.1241249556 0.0211268716 0.7879032743 -0.1132591133 -0.4036355123 -0.1844034028 0.2749368046 -0.1720261908 -0.1904203411 0.1509299076 0.0859518339 -0.0279911470 -0.2091813095 0.1837866691 -0.2955861473 0.5318841734
-0.1170600719 -0.2418541854 0.2297998519 0.3308157596 0.1649965014 0.4105908179 0.0331616537 -0.0191546799 0.1840982893 0.4869377772 -0.1556743504 0.1724466574 -0.0986288797 0.2765249363 -0.2100453543 0.0889856192 0.2471052291 0.0226415450 0.2016638318 -0.1305604066 0.0880661179 -0.0085954691 -0.3726804175 0.2457150087 -0.4081345460 0.3453567988 0.1151149660 0.4907686423 -0.3276262097 0.3960623506 -0.1907305947 -0.1873340571
-0.0497353298 -0.3118763225 0.2609969870 0.4460180954 -0.2884610569 0.0169584816 0.4660971031 0.0454117358 0.1794972409 -0.3886282158 -0.0604024926 0.4134277899 -0.3131066094 -0.1307213662 -0.0484919387 0.0758917641 0.3581722554 0.2150679043 0.1800944414 -0.1072543541 0.1592126863 -0.3660871959 -0.4015828660 0.4079455949 0.1609071363 -0.2081205659 0.1786461461 0.3341600451 -0.5050472007 0.0504373933 -0.4245039060 -0.5196675173
0.3167509267 0.2708913557 0.4947461357 0.1687236780 0.2986310205 0.4307186653 -0.3560880801 -0.0854465889 0.3561853523 0.1856614629 0.4607251791 -0.3111537409 -0.3269611754 0.2312953788 0.1597599224 0.1661025719 -0.0056031537 -0.3044908461 0.0499413348 -0.2514003381 0.1096424842 0.1472389320 0.0651739079 0.0029332676 -0.2419178783 -0.2857058043 -0.2072939417 0.0476671265 -0.0209192070 0.1075307433 0.2614834211 0.0545684702
-0.0226725905 -0.1297036940 -0.1313006739 -0.2342676830 -0.0992067621 0.0246866753 -0.2161658165 -0.3262958353 -0.2580171272 0.1060456424 -0.0252211953 0.1544179134 0.1828013884 -0.2863684355 0.0574647640 0.1192274395 -0.0046243017 -0.1500479104 -0.0176013481 -0.0327120765 -0.0387232113 0.2638867502 0.1714573704 0.3600520480 0.2382742093 -0.1903327080 -0.0716045951 0.0275606091 -0.1988841005 -0.2255167075 -0.1863255482 -0.3069490534
0.2898465993 0.2396018385 -0.3270137546 0.1007863509 0.2315493211 0.0731130647 0.0506322604 0.1715380929 0.1372345506 -0.0857264941 0.0631005821 -0.0082611232 0.4601223383 0.0427502173 -0.0415130539 -0.0821641518 0.1032761209 -0.0319291066 0.1874119617 -0.3142251247 -0.0112911834 -0.0726968305 -0.4514402616 -0.0390505669 -0.1541990281 0.3113989776 -0.4156865562 -0.4092229897 -0.1920479724 0.1616061960 0.0182038573 0.1118213617
-0.0521897681 0.0341159319 -0.0349198957 -0.0727716156 0.0290310259 0.1703563559 -0.1124618726 -0.1862017527 -0.0521402851 -0.0520226489 0.1912084716 -0.1838063649 0.0173385943 -0.2927736686 0.3927430488 -0.0257839140 0.1328761456 -0.5413117275 -0.1719285743 -0.0790544109 0.1591085995 0.1204689702 -0.1670019130 -0.1827125051 0.3795525893 -0.1946575929 0.0756624979 0.1123326011 -0.0269792485 -0.3815488849 0.3097868842 -0.0470924366
0.0850515944 0.0294567163 0.2755115283 -0.0320085617 -0.3956721021 -0.0288661775 -0.3954391494 0.0376937242 0.0498662989 0.0057263545 0.0073261828 -0.0938646532 0.0529978046 0.2642023069 -0.0073736839 0.1064466825 0.1998328092 0.2152964433 0.0715741378 0.2275168528 -0.0705986827 -0.1380464439 -0.1130397561 -0.7377481749 -0.4755548173 0.1743483107 0.1941145657 0.1588560200 0.1094866472 -0.0628365482 0.1597766952 -0.2479821772
0.2456983325 -0.5206788781 0.1330924116 0.4292647812 -0.1285758960 0.1335866088 0.6491419314 0.2158132267 0.4697074276 -0.0917838409 -0.1010326446 -0.0082521038 0.1612016583 -0.2210610616 0.1869304417 0.3737388868 0.3234267625 0.1403166071 0.0637111337 -0.0182890569 0.5078592401 -0.0300019511 0.0842666026 0.1939052671 -0.4100257970 -0.1218384071 0.0608303103 0.3042153824 -0.5481833744 0.0775852501 -0.1317928231 0.1469656397
-0.3288176432 0.3322435210 -0.1481260305 0.3592744416 0.2570966574 -0.0234724768 0.0469525808 -0.2106969837 0.2094111632 -0.0247996236 -0.1461227881 0.0540029596 -0.2298772307 0.2055981135 -0.1702915273 -0.0009928241 0.2204117110 -0.1092227238 0.0331468033 -0.2653066741 0.5571576025 0.2696739349 -0.0613939413 0.2153367561 -0.1555758226 -0.0500353005 -0.0967538009 0.1290480657 0.2933614006 0.3713225308 0.0622958698 0.0643503024
-0.0480459124 -0.1675929679 0.0301760744 -0.0064157017 0.2818781129 -0.3039799767 -0.1760609070 0.1898007527 -0.2167058280 0.1231723808 -0.0090961130 -0.2614215647 -0.2561325278 0.6853118112 0.4643193378 0.2112098432 0.1435942353 -0.0005891284 0.1335312935 -0.0609658443 0.0444000149 -0.6194900236 0.0528332061 -0.4047596906 -0.2241258615 0.3186316637 -0.1674881593 -0.1754255249 0.1986980041 0.0818452394 -0.1804527755 0.0865505727
-0.5575337694 0.0786665254 -0.2486841209 0.2908323523 0.3530709647 0.0647483624 0.2046850075 0.2712075148 0.1312436319 -0.0466254536 0.0047831086 0.3200060787 -0.0757063975 -0.1266137836 0.0784364329 0.0722807700 -0.0569321747 -0.2369201011 -0.1826143994 -0.6437099687 0.4748049731 0.2632074957 0.1057187685 -0.1050812683 -0.3403775435 0.1677171579 -0.3076983339 -0.0014302356 0.2500087843 -0.2159508604 -0.0473675809 -0.4182534852
0.3322133801 -0.0098998156 0.1191185575 0.1658876163 0.2561084349 -0.4226054531 -0.2178050453 0.1170261220 -0.0418100378 -0.3131240469 0.2063923176 -0.2459761525 -0.0655107726 0.0578450821 -0.0292972956 -0.3817895284 -0.2795055058 0.0704306128 -0.1191047071 0.0579327566 0.1667655849 0.1192564422 -0.2622365928 -0.1065788734 0.2323348622 0.2031713398 0.1020608694 0.1316110271 0.4807788441 -0.3681640247 0.6408641063 0.7035897741
0.1800896532 -0.2004656985 0.0873937326 -0.0622425549 -0.0562600972 -0.0762757098 0.1007182915 0.0604726681 0.0555179941 0.0159246309 0.0229461773 0.2711138759 -0.0111339420 -0.0285183216 -0.0590683983 0.6079374108 -0.2220308846 -0.3688751651 0.1651974555 0.0447632126 0.0588474532 -0.2344954827 -0.6289973822 -0.0803687360 -0.0277201713 0.2861755214 0.0201845665 -0.3362209278 -0.2082624106 0.3258265514 -0.1162622233 0.1780722302
>Layer 1 biases: 16x1
-0.0064418938
0.0695210815
-0.0043316341
-0.0040716115
0.0989580592
0.0365687171
0.0110398948
-0.0178369063
-0.0770008672
0.1183390067
0.0493746990
0.1137140389
0.0215954043
-0.0084250380
-0.0029190821
0.0045098990
>Layer 2 weights: 1x16
0.0182731301 0.5000555643 -0.3247459170 0.4891547232 1.3006937070 -0.3012843292 0.0509711300 -0.0723616430 0.1982717208 -0.3655004932 0.8847383453 -0.7845658311 0.2194308546 -0.0658387807 -1.1127487469 0.1198728657
>Layer 2 biases: 1x1
-0.0665508357
