>Model: base_python_model_20260429_234112.txt
>Data used to train: /Users/andregodinho/Documents/GitHub/ANN_Backprop_Implement/data/training_set.howlin
>Number of samples: 4258
>Epochs: 5
>Learning rate: 0.01
>Batch size: 32
>Learning rate decay: 0.95
>Decay every: 20
>L2 lambda: 0.0001
>N layers: 4
>Architecture: 27,32,16,1
>Activation hidden: relu
>Activation output: sigmoid
>Loss function: binarycrossentropy
>Layer 0 weights: 32x27
-10298645655.3634967804 -5392016794.0155744553 -9890803736.7087707520 -402386099.7720179558 -5824495617.9681568146 6801367358.3649158478 -4995241307.8980817795 -25898565593.7376632690 5315855057.0572156906 312560727.9837328792 4561065223.6673889160 -10847467340.3696708679 5551874401.4171142578 -1312990852.1470561028 -22467074359.0415153503 -6320135496.5711393356 3496948872.5473480225 12627369236.1366252899 8637245761.0503482819 -1249013535.6828308105 -34320211483.2329483032 11744693398.4262027740 22602467995.3679809570 -84260546878.7928161621 -86664157633.1890258789 -3910065705.3041782379 -23393077039.2563591003
-2505551846.0667867661 2062876475.0925781727 2501092522.8536343575 1533036334.4426262379 -2050792120.0690078735 4033179994.9562954903 -101139890.0590620339 6982859339.4109697342 -7351255042.9488754272 6765821393.1346063614 2173472405.1050567627 5735364114.2467899323 -3303122842.2697277069 -733797262.2257382870 1785034664.4417858124 5410909638.7473735809 -1776284966.4677286148 -3264066164.6512436867 1507821966.5891096592 1704957278.0914855003 11468531740.4854793549 -4993233867.0830326080 -6007295325.2349872589 -27006858797.0921783447 -24684386653.2697257996 -11371757881.5192584991 -1223507860.6283471584
9762038422.6908626556 -3465602838.9057736397 -841502344.3056777716 -12669021134.9939956665 12601343923.2587127686 -5634066216.5748863220 3097993303.0578436852 2582857559.4724574089 -14471607486.6879329681 12403160535.8602066040 11102763111.5882434845 2655368938.9169535637 17467004960.7089080811 12608692547.2083072662 6236014071.8192710876 3557976718.4416761398 -901218358.5893234015 3683306642.0695304871 2367141182.4142999649 19616399406.8869590759 18541524866.1202964783 -4938895847.7953004837 -11909672828.1272487640 97477538246.4113922119 95517100792.2868957520 9644776784.2884178162 12045329547.4490947723
9024042780.1634788513 1904957966.9477643967 14082619099.6387710571 -737864232.4981191158 -6074163885.6351289749 2347682882.7835106850 7201795420.8674430847 25231698474.3761062622 1387235166.9260430336 -11271227246.8719177246 -2741274393.2113680840 4568199565.7218484879 -12355008208.7482872009 -4570995546.0699367523 20218823644.1986732483 2525119969.6094808578 -4716431705.0488748550 5391292714.0899114609 -1980841602.5949466228 -8747768503.1662769318 14348125586.1994361877 -12900104999.6528873444 -14450009672.7247295380 -39847249946.6940917969 -20177735464.7970314026 2307803858.9599795341 15283645520.4109325409
542452048.1353267431 4764067568.9542646408 3414761399.8596115112 -2725467122.2028756142 1228998992.3835027218 2127531321.7094290257 -464657695.6182605028 -987145134.4241482019 5851899291.3130941391 -5876875231.2642402649 -1894948900.9529829025 3506801105.9943165779 358617962.3053229451 246712724.8915084004 2353213361.1570253372 963211081.6305639744 -1460367511.2240333557 6961680812.3837089539 -1726942854.9648149014 -4203947744.4601035118 -5741034456.3689527512 -393180497.1150795221 1172137165.3755898476 -10227784177.2965316772 -11430704976.5719051361 -14102368379.1989364624 -5605933186.5728950500
-3698419349.3175697327 2686217913.4431962967 2364748038.8661022186 7824967260.5469532013 8912282249.3657836914 636225609.6337981224 3689695903.3258409500 5903488298.0603313446 -3303465569.0123372078 7680966061.5436258316 8845723411.8850135803 1252113814.5267097950 5641995207.6633462906 10155519897.7723178864 10852719620.2687034607 -1102912610.3028059006 -4414568431.7248210907 9542281332.8981208801 5906603950.7502183914 5934136818.5820903778 -9118325949.1221237183 -11641366677.4680747986 -1688353658.8753514290 -61054789687.3296279907 -57531702832.3814849854 -58576969803.5768966675 -18323816870.1212234497
-6280550761.5345258713 -1993528499.9597907066 -9851478406.9208011627 -26529104898.2019042969 -6003940109.8763046265 -1440308288.9895708561 -17909780680.8984527588 -20412814728.7127227783 4987832553.8880796432 -7187636522.5758924484 -8262409773.8961086273 -4987682682.8555364609 3606179039.5191659927 -15042702533.9008693695 -24265394145.6725883484 -5481614536.3964881897 883418553.3624300957 -20274140132.4417533875 -14018123524.5671501160 -1116281343.8160750866 -10696881182.7205390930 27706560482.1513061523 16659379843.2381381989 47652446248.3628540039 40793407135.8664855957 71482126484.0940856934 13590028043.8108673096
-6551478505.3104724884 -509090118.6350549459 864684630.9291701317 188861254.3927051425 222795072.3860882521 1790493260.5001714230 -2522087860.3874773979 -14209103398.4857158661 11373747187.3506011963 237155436.8548054993 -2552385775.1599040031 -5648508456.9546880722 -2802590067.2744278908 2003461582.9359123707 -715787961.2278785706 -1074261615.4072737694 -2400339520.6549711227 7450209611.9792919159 -3933787489.3701701164 -2462169361.6892471313 -11142838537.7095413208 2913271695.1356687546 3365690970.3814210892 -3821624961.2376251221 -7541981533.5580492020 -18011579927.2608871460 -17594277754.5116157532
-5671677142.2871227264 -9595027758.2003440857 -7863236860.3149385452 821531535.6598478556 -5123440990.1166877747 -7551581713.2571525574 -7953731587.1499490738 -12964267574.5318450928 -10901989573.4044532776 -15657359.2344372217 -6080250370.7723283768 -6210343757.1985101700 -3439699404.5513954163 -6860302511.1055965424 -13494359542.4670581818 -3025471200.2932944298 2003168388.5490992069 -15481696241.7783393860 -8769915574.7193088531 780835501.0227783918 -693508907.9933717251 17027058893.4342823029 8953864317.0111465454 30157669381.9639205933 21882646755.3513908386 29914154219.0057296753 3219406004.4027104378
764738859.6911630630 4468490324.8826513290 -3141572153.4025912285 3750271921.5831360817 8803357870.7379188538 2507143830.6911687851 1652099535.6483666897 -12037935635.5862674713 3281341556.6206350327 8305878009.5704078674 5427824568.5465164185 3096653600.9362096786 9941778917.6064510345 7165091775.5330410004 -2569881206.9184336662 -755355950.3215875626 4289792028.2491860390 5748533360.4074440002 9190666449.4438266754 8271132673.5010662079 3769740439.7146115303 -5553003028.6246557236 -6959479746.9853363037 -2445139087.4309353828 -2836641850.1508045197 -27740681949.4304695129 -14472186908.6715736389
15432864768.6507091522 1309978962.6652944088 18490753329.4492568970 9222924808.9681701660 -14030182061.4572677612 -240621654.4379037619 18261712587.4526634216 14169409456.6084804535 -4414328177.5611591339 -22804977047.9900894165 -7078990626.5272512436 8737441924.1974296570 -17355380126.2698707581 -8855108276.1095600128 26177372418.9926185608 1718265081.7913537025 6751057802.3075389862 11612001203.4024200439 -3495754152.9894313812 -18606932094.9076232910 28251887821.4360160828 -17803721308.6361999512 -26538735716.7352256775 25163126159.8722496033 28833740010.4622802734 3714855231.8674011230 32090223330.8046455383
10166616064.7733116150 10237929320.4957389832 -484152144.9088658690 -7882919655.0678844452 6664241993.4272422791 4314560238.8042163849 316793482.9354325533 9129304203.3397178650 2172398533.1669735909 14095144190.8130092621 10084639128.8148784637 10501071382.7626132965 3243280968.3097982407 13274585058.2399539948 7477991383.8500242233 6129805827.0301675797 -2548880890.6978268623 7818473817.8065690994 9686103668.4846706390 6613620005.7805404663 27487710680.2223777771 -13899975862.1090774536 -18380028530.3086280823 -11262266086.4899330139 -8444721949.5090084076 -13288954619.9820480347 463338517.9576783776
3072913385.6755433083 3801762767.9711866379 -513234013.6949518919 -3794436873.5042424202 6325382366.8416233063 -2559479687.8562431335 -5586238648.2364282608 8475337834.9340124130 1618265858.9436016083 6236852362.0352430344 4398804578.3978214264 637562242.1604546309 1793092097.5422222614 6602749053.0217437744 2353356572.3155350685 1205814949.9215285778 -12245086739.7994270325 955253106.1741827726 103694836.8986847848 2025452538.9702646732 6612220813.4751234055 -5801009417.2197313309 -5710688809.1103525162 -3994226235.5536999702 -1746290104.0551145077 -15817505811.1161613464 -9043208777.2045555115
6281115084.9588565826 1928109272.2301514149 644045980.9558463097 -7456669345.9112539291 3231851328.2954840660 16718850.3614975084 872031389.0810796022 13590594832.7445507050 2086574068.1444787979 1822535698.6901543140 6374056429.5775146484 396831805.8452785611 1985893986.3818740845 6427534420.5837392807 8385095593.0828552246 -1530175779.4310894012 -7241849529.9759845734 10035870583.0284137726 3293285649.9998478889 1310733070.5701832771 1157967972.3136394024 -9000044355.1452617645 -4879293960.2004766464 -19164549771.3496513367 -13918809173.9800643921 -6901388616.5173139572 1108469273.1421780586
7257681522.2243919373 6012747057.6189422607 8339324576.9915523529 11331960359.5655231476 6130985099.9751129150 4207186144.1715297699 5263379628.6439943314 16423987221.7939548492 4871789464.4409952164 -2549314380.4878664017 -2703645509.2546787262 6134724757.3116464615 -6741116883.0347509384 1218341101.0089757442 13777549834.0001564026 5189018806.4149723053 -5376937348.1058282852 2962546013.7597608566 1327580563.9370942116 -5040809252.7452735901 10786298385.0713520050 -18604077219.3617515564 -15513362047.9243030548 -59000517762.9676971436 -36927763427.4120559692 -27120046263.4472389221 -3267835462.4913730621
-5356840186.9053964615 3080697373.1067166328 -2688551666.7180724144 14138205793.1874942780 2809428821.3436851501 3300241382.8926553726 3732822327.0365543365 -12157238504.2405452728 1169625392.4101262093 3225151398.2988939285 -2355526442.6151471138 4108419552.7079963684 1834169456.7242257595 1937086116.9066219330 -3132867775.5023212433 -1803245509.6510009766 -2204131628.7896618843 -2609538891.6437320709 1925685974.3289756775 465461305.0589689016 1522355284.5089395046 599371267.6172299385 -2409561827.2755732536 6494966216.4583158493 1283775396.6064970493 -26732814413.7057456970 -8933726720.5316028595
-5855289847.8279342651 -14379923875.1816997528 -11822256752.4292697906 -10759011200.2470779419 -3747093081.3194775581 -10150551604.4576683044 -7116232935.1106987000 -15924605955.5160446167 -8646783282.1138401031 9358094434.6623020172 6660706636.5229883194 -14487448773.9727764130 9576647223.2838630676 1721082175.9314262867 -13848532625.9120521545 -5624416626.8376302719 9580588598.2447357178 -4329155603.3144865036 -791105458.5375010967 12776617772.3879871368 -10606008595.8424510956 17419156633.0581398010 16145986447.9709949493 48860809375.6386413574 33929267877.7276268005 45555412443.4893035889 6283767561.7089843750
-0.0538294602 0.1145224731 0.3119309790 0.1973050686 -0.1014031846 0.0487843859 0.3367683697 0.7938338525 -0.3312364181 0.1611804961 0.5293689285 0.2818049045 0.3308758405 0.1478562080 0.2152551707 -0.1005090655 0.0945297252 0.1693245121 0.2712794957 -0.1167838770 0.0320839437 -0.3975136944 -0.1845663694 0.0449024457 -0.2395591470 -0.1075319619 -0.0782430974
-6322693354.0743770599 262042044.6037216485 -8677028531.3287868500 -8673609344.5296821594 4401204509.5215444565 204532625.6301455200 -11090429708.4691524506 -13389389178.3070392609 7282930361.5641412735 2387162580.4649519920 849083633.9085370302 -4197622172.9755263329 2514898238.5624842644 -1212924433.8260018826 -11359782738.0451602936 -5766907936.7343540192 -3646390905.8178977966 331782217.9820335507 -550776610.8608425856 1032600595.4157406092 -16184235272.9962177277 8548222539.2474508286 10481946093.5786380768 -44267441617.0255966187 -43206244373.6502761841 -4843542801.6801776886 -15867030341.3986606598
-5741267634.5889863968 -12722255644.0516376495 -14349837690.8629894257 -343966393.9489959478 -23696602113.3066978455 -8717157605.5829868317 -5094265637.2957191467 -25363901551.6575317383 -16426826480.4562072754 -8613396273.5165634155 -15962303691.8438968658 -4932369005.5683031082 -6412004765.8286237717 -19359442577.0813674927 -27897878536.6096343994 -7044056427.9229497910 -1555327482.9008905888 -38684104549.9060134888 -18340014104.4599838257 -7828821238.1191816330 22310341893.9677047729 31106830688.2980270386 2721852578.7898969650 194146379333.2897644043 158163126755.1479797363 91341206598.5652923584 33651187314.3411636353
12984298481.1989555359 -6152840977.5567922592 5377424853.8097667694 -18782791551.9893531799 -19280543494.0270576477 -3271156135.0926995277 125092352.5404104739 10095445582.2276344299 -4878556035.7595310211 -16443478505.5045928955 -9633174418.6618614197 -3079402502.5161490440 -11490394292.2273483276 -5351650300.8872232437 -370190292.3008478284 4071270141.6690912247 329009446.7788884640 -6481208509.6589164734 -11893612709.7357501984 -11522281061.3579864502 18002655041.1286773682 17678686677.6889228821 2016422969.0141816139 141087233728.8624267578 123705393933.6526489258 108651921300.2826385498 51199193957.1625900269
410824231.6902353764 -7756303719.3755025864 3021998696.3391022682 -5597103765.3166799545 -198041149.9643003345 -3171890843.4007625580 121415221.6297792792 1646834343.5582439899 4520701849.3446569443 -8349105181.0263280869 -796762286.2887722254 -9701519903.6349735260 1966211950.5477573872 -327971890.4776940346 1884013453.6242642403 -1789942624.5306510925 4411105977.4238281250 15088335259.3529605865 -637498212.0116508007 -2867201134.2574586868 -22700357452.1591758728 8013963155.2369041443 14883241486.8355369568 -2777287166.4787945747 -4585569415.2007980347 15140578106.1429100037 1705818759.5602126122
-0.2563882009 0.1446329353 -0.0033128474 -0.1937688211 -0.1957567589 0.2530453325 0.1097827590 0.4829424490 0.2833437358 0.0463697447 -0.1927247936 -0.2772662791 -0.1619432113 0.4257181687 -0.1260839010 0.1387444697 0.3245485245 0.5633149188 0.4530770611 0.2801652341 0.4256294348 -0.2424111203 0.0499720900 -0.4087732138 0.2667466802 0.0208922161 -0.4696785474
13703974249.0671176910 -7602889996.9232110977 4912342531.8011779785 5951877922.8350400925 -2880390492.1482138634 -9982563955.9738254547 2733338138.9433879852 22450417218.1609039307 -8947977032.9795513153 2516761541.1006636620 -6428890238.4608602524 -8537097781.6377782822 4299502169.5563087463 2917055606.5828652382 1879686178.9292848110 17324896975.7508926392 -6519840385.5046138763 -17319995897.9352149963 -5895629166.4092016220 -2754827895.3240585327 48144443967.9241180420 -6890416637.4330692291 -25165901485.4310569763 163369695145.2205810547 141397400268.2341308594 19109916984.8722496033 11967291580.8302612305
3536075275.3676338196 2185195417.6917977333 -5159563134.9340410233 -10771395017.5890769958 13198708712.0161037445 -2735385286.3802719116 -11198876456.9029350281 5622452409.9730176926 356337436.5806286931 14822256644.0002899170 11289297852.9535274506 -1655554733.5594489574 9703453243.2938308716 12652433179.5241317749 -42513653.4816241041 1355673991.8919117451 -6879652675.5394258499 6025785212.6752862930 6334690249.6425962448 12036079747.2998256683 -2772069941.4515595436 -10931760486.9596309662 -2102837255.1829075813 -49442146641.0613327026 -42218978231.6517410278 -24317612457.3673400879 -16948641700.7496891022
14304432885.1888198853 389555137.5800333023 10568331737.6336517334 -12423053354.8412513733 -6866924200.5493307114 -9133469690.4033527374 3520467844.8254742622 15493027151.9589157104 -11274523642.1748161316 -15721017722.0751857758 -10572338603.2277488708 4064876699.1768155098 -12898712527.2750911713 -6833486285.0675678253 11801169724.7611656189 10506672753.6203765869 10416831032.1821708679 -24046665032.0072555542 -18174414556.5284881592 -5189042217.7296342850 11478398659.3061447144 3498198751.5990257263 2843211405.1724066734 187396639861.5534057617 163461308823.8860168457 66207735717.7935485840 43549758013.0007476807
1893499653.7252352238 -148510499.9458487034 5233492159.7063121796 1850433748.3149590492 -839772157.1863439083 582822911.8513870239 996786809.6504758596 6269619288.4091634750 -229822178.5314075351 -7006354637.3520584106 -5418419987.9405965805 767600186.2812256813 -5092496411.3384065628 -3955206993.3871059418 2221538847.5082502365 4824699163.1930818558 4015574177.7619500160 -1422089518.9736244678 -1818672596.8769066334 -5346796638.8051471710 -3755150291.1152982712 399780051.4971908927 3564062774.2723503113 -6322142513.8188238144 -5228941985.2136068344 3323620583.9825611115 2379281251.3404617310
-3058973778.0343403816 4955264135.7687559128 2073518441.3075375557 -2084992466.8255569935 -5587094789.6177539825 6796172673.5066328049 -3389914550.4990234375 -7189034782.5116119385 248513850.7927363813 -10307887487.0404853821 -10679565666.8347911835 7435383055.5411901474 -3865067808.5757188797 -9550534983.8643836975 -7171592430.8744974136 1396217853.9385929108 -1752935220.4151542187 -10055769833.3379459381 -6617410487.1609201431 -10108834084.2128944397 1656254078.1071569920 8880084570.5306339264 1479486446.2231538296 10534941850.0189533234 7148044921.4240417480 15410733602.3562984467 7458342272.1762542725
-15211777557.3874969482 -6912262222.6063117981 -1990324847.5197939873 -12616827746.8860321045 -9637684259.1227722168 -1759114031.6356964111 -4385274358.0974550247 -17410343763.6386260986 -1756053311.8813996315 -2775457215.0345106125 2862806475.0895404816 -4694476603.5622434616 8849972945.6561927795 -5796359231.1633472443 -12770600650.3261795044 -10043383789.3791904449 -1156502312.7406995296 4876238283.9186668396 -5748204641.7683362961 8172861899.5970191956 -24895675222.0392494202 28153921073.0551300049 24130256232.0039100647 48331779883.6792144775 41724092354.6481704712 21915955023.2095260620 243464573.0668142736
-2308699966.0616693497 -1293462975.3355207443 5982323306.4234151840 -1963810768.4403233528 -1886416018.0925347805 1834408633.8256230354 3072886987.8655157089 7313855665.8387870789 2185283695.6373844147 -4176373264.2601590157 5184811265.7556571960 -439019223.3344182968 -4816292741.9241352081 -4722930485.4400987625 12441429406.3546733856 -7369963126.7245912552 2158515422.9168572426 11123115531.2610359192 2785202450.9117307663 674366479.0698240995 -10855667471.1031608582 -7435699069.1438770294 -91754266.7649591267 -116169497311.7226104736 -87235750930.8558502197 -8975697778.7212848663 2017182516.4993631840
-0.0666047281 -0.2139399654 0.0975771563 -0.3461952581 0.0982644551 0.2389960791 -0.0089160069 -0.0465114863 0.1947314789 0.0586757167 0.1550441727 0.1139113361 -0.0972722512 -0.3378782207 0.2219166423 -0.2485235161 0.0772819555 -0.0204514454 -0.1294223043 0.1687076151 0.5457010723 0.2378197181 0.0303971133 -0.3710569546 0.0459801118 -0.3315579954 0.0310272103
11860628329.4375267029 -774973797.9579346180 47382784.1262407079 -5410043789.1376991272 -11177892822.5144920349 -9974204992.3813285828 -965108232.9977267981 1017296495.5439540148 -2601915765.4160594940 -14013607909.8460597992 -12796551413.4435806274 -89986557.3999060839 -16715990824.4821929932 -10616010193.4751873016 -3569109841.1226186752 1539745536.8855240345 -3040372492.6266865730 -26045328096.8132019043 -17534476326.9992256165 -8282059458.6115064621 24563231848.0675201416 8069921183.4706811905 -9344050162.7070217133 168534970184.6369018555 148559672376.6105651855 71031446572.8743896484 34046840829.5746536255
>Layer 0 biases: 32x1
3483083240.4931788445
-11068681148.4678668976
12312620335.8900852203
-6847027664.1935596466
-11797612799.2581062317
-62843991234.3605194092
76686034078.7863464355
-11367787565.5149364471
36122489577.2321624756
-26359287076.4424972534
15038215432.4877567291
-11412288647.3986206055
-17766977070.5686988831
-9682817387.7153911591
-36090361990.9718933105
-21402270565.4225845337
48824942035.7495193481
0.0000000000
-285189006.3818945289
115767122806.3678588867
118866196748.8047637939
11493470491.9001560211
0.0000000000
19736483288.8530960083
-25270445465.1423454285
76463252252.0324401855
856866010.1904973984
23356318111.6960906982
20906826779.2488479614
-21064306540.6915321350
0.0000000000
83115547777.3748474121
>Layer 1 weights: 16x32
56648690087.4176864624 18985791970.7061386108 7013873877.9420261383 -28013579188.6877479553 140435534.6101392508 4843873450.2272100449 36448547182.2869110107 36301891146.8587417603 38117026988.1964111328 -16890520585.7131881714 25635895028.6976776123 35821403758.6177062988 18298021399.7710647583 -11660221728.8998641968 14646876035.3229465485 6976080161.6049137115 -109969432.2859956920 -0.1372033135 63860137917.7353515625 -50323914737.3856811523 -37727705507.4931793213 41540264472.6493606567 0.3225636430 2867602201.4254674911 22881985752.1243629456 -16747764767.0253429413 33812113866.9818801880 31572883395.7738113403 13453038184.1851234436 32219350349.5080986023 -0.2067103419 -22881694286.6798515320
-2757424760.0052208900 -212054575.9139803052 -8187362027.9776201248 -11379926553.9043102264 -7172679922.4241666794 -3597030670.2204914093 2584830498.8769831657 4115995613.3502717018 4339783213.3330574036 -1341912567.6062891483 -2649088328.9353523254 2590579294.3861427307 -57387484.6399812922 -3675091260.6698184013 581211285.3397295475 193570969.3852226734 -5542232102.3245983124 0.1757740987 3906603142.5970821381 -13943438846.7491302490 -6735052701.8128814697 -7775691408.9962358475 -0.1060336697 -2190802528.5327262878 -877279372.1335346699 -5733611345.6710357666 2402567933.5061659813 3075935186.6495852470 1236963673.6828529835 348592728.5855402350 -0.2810954700 -12058091415.5839672089
-7110723710.7776288986 -546836861.4842474461 -21113203213.7916526794 -29346045901.6904563904 -18496586357.1961631775 -9275861900.6564941406 6665645344.6703433990 10614145497.7811985016 11191238956.3445720673 -3460464145.2943873405 -6831350566.0987815857 6680470082.3625516891 -147988279.8476420939 -9477161061.7983226776 1498801681.5940623283 499172162.4484120607 -14292060401.9013404846 -0.2534962319 10074173553.2319183350 -35956716809.7194290161 -17368052842.5055084229 -20051605423.0449028015 0.4406196420 -5649543629.1788568497 -2262288829.1961913109 -14785580638.8875026703 6195634790.4876251221 7932084161.4304838181 3189826628.4592227936 898935346.3234044313 0.2482960266 -31094867132.4488067627
10917880753.1076545715 1289898387.9576454163 10017213370.6224670410 12456971064.9894142151 6447354427.3023948669 3072762619.8818221092 -993387616.9404807091 -1221414659.9682440758 -3592560212.3832101822 -186131675.6641142070 8138202775.4046888351 -3192406181.1850433350 1160047344.5312383175 6622877820.4142990112 822974606.1164687872 1890666677.3507442474 3009483716.0540843010 0.1040008455 -1343401502.1114068031 14936877573.0815143585 8250032216.3796405792 13492938264.7393894196 -0.4625918814 2668321752.4131283760 4503550170.2617712021 8309005150.0799665451 -4308155536.1668891907 -2871158871.3213548660 612502583.0007402897 5396878287.2312221527 0.3291630113 15214267768.5492420197
83076507671.8014526367 18676267239.0532646179 87392772799.9388885498 66310800604.2094573975 52603376773.2126083374 29786675456.2006149292 -469450297.1500976086 -8207525474.4820337296 -12735641381.5260105133 -5195325821.4385356903 38456132308.3151321411 -9514970957.1162929535 -20230535492.4711532593 -138215858.5441803932 -13297473209.5236511230 2948785142.0787825584 58440257814.9220199585 0.0017369475 12766038462.6162757874 112764646715.5857086182 42208336697.0205383301 117837853705.1529693604 0.2975807454 35904471742.6152420044 42383561374.7756042480 43760028160.2318725586 -1437817150.2192084789 -23813433684.8841018677 -7124233205.3195400238 26711708359.9753875732 0.0180753076 100954392278.3853454590
45462057.2444173098 -0.1418421906 0.1015474046 -1891224852.3735847473 -922924594.4502283335 -185553291.0179335177 999004772.3178012371 0.0157951604 -0.0276587979 -3007467271.2880764008 -0.1808067518 2282638549.9835400581 695488957.3300514221 46355762.0026836395 -1129637228.5090324879 -817134764.3889038563 -2072672149.3878233433 0.0078151234 -0.0917552701 -0.0152463795 -2157495406.4550924301 -516206065.4948152304 -0.3750658332 -0.4121081927 566152590.8826491833 -0.1248506276 -1296988624.4244735241 55927067.2758911252 -0.0883256511 -0.2330091292 0.2562210761 174898404.6572304368
-0.2548073601 -0.2469403721 -0.0182788486 -0.2899411552 0.1905662324 0.4140940660 -0.0621963936 -0.0066686379 -0.0895308836 -0.0817650352 0.0942315131 -0.4055649976 -0.3568076606 0.2521383057 0.1495446693 0.0347334180 0.0495663961 0.4559727529 -0.2772513067 -0.0643622093 0.1337232662 0.0092544098 0.1749529201 0.1379323467 0.1756309395 0.1569602005 -0.3715744106 -0.0741798563 0.1584949679 -0.4786938166 0.0900969071 -0.0192035630
1685991302.7341570854 4550048984.6598072052 19603094172.3375854492 8820572883.1562595367 17108278285.6975841522 -0.1337234966 -13489498869.8733959198 -0.5573154286 -0.2578036232 -293585806.4845018983 -1197943087.2197349072 -0.2929202677 -0.2263260433 -0.2044974773 14056093475.1894321442 -0.0901682045 9089232159.2361392975 0.0717550458 3629702073.1589159966 22733215411.6181144714 4138629539.3571181297 23668283512.5392684937 0.2032840838 352134724.7570937276 3814489204.0410099030 15857321520.9228572845 -0.1307156364 89914798.8775680214 -4428692018.1923294067 -11356858016.6779232025 0.1171991567 22366366010.9962348938
-0.5184094914 359316713.7770964503 82148928.5573680252 1503841164.1493930817 71219716.0429937840 -0.3103143406 9549173.5302558001 -0.0937565147 -0.1712021545 1076720660.8056225777 208413222.7457038462 -0.0557581842 593371218.8687191010 0.4511008777 1370449436.0287871361 296858487.2296555638 298124211.3327677846 -0.0210993105 134299881.0655699968 119512092.2865278572 743156752.6573860645 873995825.3362231255 -0.6296146398 452702553.4794557095 499752120.2627427578 -0.1007363034 1100391037.2063562870 26073746.2450673766 -0.2965809537 389918379.6966647506 0.2904011835 167463411.4988860786
18043747857.4714431763 1387620564.9674296379 53575603660.9395751953 74466773627.0838317871 46935832982.3016281128 23537873233.2704849243 -16914343574.1991462708 -26933821771.2951126099 -28398219669.8416824341 8781067166.9484767914 17334827249.1080780029 -16951961943.9894065857 375526221.6854661703 24048677964.9544029236 -3803269643.4154047966 -1266669471.4290394783 36266678998.9420394897 -0.1187542274 -25563621210.0945777893 91241617354.7594299316 44072133727.8285369873 50881756502.8495559692 0.1547626874 14335944540.1660995483 5740649036.0199289322 37519006479.9324264526 -15721672860.2204189301 -20127983088.7758293152 -8094313565.8553276062 -2281084652.5239286423 -0.0805641620 78904477947.3164520264
70566191757.0339660645 15854912991.2981433868 86772249898.4838104248 133101021371.6939697266 78273194454.8369903564 35168138103.1375122070 -13050823086.9266471863 -1952387044.1960952282 -14557518933.0484523773 27183874563.8626213074 67632549155.0048980713 -3080110987.9173569679 30309047619.1608848572 41840020904.7561798096 35114056578.2946166992 19759355406.4333801270 53334067886.5373306274 0.2378269489 13978891238.9905338287 124808154929.6497497559 68810931683.3912048340 130708369587.2224273682 0.0822617672 17633980915.7269172668 35526635678.2891845703 70742794569.0886230469 11113338436.5829772949 10247417686.6302146912 3717301717.2147912979 14072617888.7562942505 0.1949045014 133942840958.1144714355
10832637421.3666400909 -22698150703.1241188049 45143118746.9889755249 69717160932.4938659668 9825660869.6644554138 13238957788.4140090942 -15220871827.2393054962 -46986258927.4327011108 -60334792331.2889251709 5237924371.5182933807 5103086522.9134998322 -26280704216.0744476318 -32889236885.0591773987 36706765081.0826950073 -16006162506.0214042664 -5340592779.9688501358 -57662182.4736230448 0.0613198484 -91337525091.4416046143 59829432778.9326324463 50633037705.0444869995 -21831605727.3934936523 -0.0075003572 -11104478985.4988193512 -31353188430.2214088440 32757452372.5574951172 -54774638254.7289810181 -29239601970.4618072510 -9133058915.9571247101 -3825211479.3955159187 0.0911869622 70501135235.1339416504
-2917513551.7084941864 359653640.9359961152 -0.2152086330 -13006178616.8075942993 -2222202729.9457111359 -0.2489311231 -0.3552421634 -1354326396.5214433670 -1957978130.2557196617 -6225943188.7781934738 -8950705800.1139144897 -0.2259355806 -6157490776.4375562668 -15619482283.7150440216 -1584262602.2170534134 -4174367984.0201406479 -1097644319.6201241016 0.1282301920 -2044605105.4640660286 -7117796491.8544807434 -6553074145.0021133423 -3751640810.2073454857 -0.6545072720 201598057.4445033967 -5665563343.0030145645 -2266232529.6267127991 -2952201935.1207489967 327026688.2629389167 -0.7072856227 -4697482576.9022617340 -0.0964205361 234264437.8587102592
17003807703.9346847534 5523354126.2136020660 4365921839.8440179825 -27575191195.0498695374 6159093354.3858022690 -0.7249635552 0.1507527298 15798293456.2478904724 -5535801247.0591459274 -20361882878.9237403870 -17811166188.5683250427 2212764170.5127105713 -18477939779.6505546570 -17234476376.7718620300 -12703621057.6277828217 9632598889.8311500549 -0.7967179437 -0.2062714643 17758107151.3497924805 -2748469738.6574106216 -6873417033.0382528305 12351405968.0976448059 -0.1202841205 -381362119.7753598690 -98339964.5175777227 -258885742.1190321147 -13015145342.4736251831 -5054175819.4236154556 964755847.8416928053 -1559742361.8298146725 -0.2893125617 -3874871515.4788026810
17444322151.9651069641 10208636329.7586193085 -4250206586.5070819855 4165225303.4114036560 -8827700238.9455032349 -6334978357.3837280273 5056135310.6323375702 25987676589.5745239258 15301765757.5360832214 11624988409.0070133209 14379101373.1754608154 16561475332.2072029114 15585776852.6335754395 4620758885.4864950180 31801220947.4263153076 15236714598.6756744385 -5563774338.6898517609 0.0900085976 27590964750.1736412048 -18718577976.9396247864 2875149338.8783354759 21534912804.7127952576 0.2342098116 -3935497526.2093625069 13656275827.8466644287 12424936093.3239517212 16187011447.2875347137 27285099244.1388282776 12887596554.5514049530 10986727152.6332168579 0.4686740086 13963203910.2565345764
-5689776386.0720424652 -1279010762.5550060272 -8465951180.1775283813 -9401437276.6907882690 -5836108534.7319993973 -1733217240.8551611900 904164867.7846754789 2718558361.6894750595 2753771873.3747081757 -1446375859.4951088428 -4491041757.6218986511 2344216014.3976564407 -126916534.9990639538 -3013381591.8990488052 -316065884.5334411860 158718016.8110656142 -3966531079.9072427750 -0.0609813940 1754146089.8048281670 -10311745902.6833591461 -5517316098.8819246292 -8382359144.2663021088 -0.2422465851 -1875678540.3968923092 -1313902356.2977397442 -4701259821.4124279022 1658090199.3749377728 2639357092.1329870224 562317643.8453226089 -2760282564.8060169220 0.0280146414 -9633173478.2630825043
>Layer 1 biases: 16x1
61380546792.7931289673
-9053378923.0727729797
-23346448870.4941749573
14358886047.8633785248
96192866215.2406311035
-2210264128.6667714119
0.0000000000
3900490115.5552148819
3041437768.5544023514
59242554476.4690551758
165880403246.3524169922
-19887333269.2821311951
-17882938043.3696136475
-23484251983.8430099487
22327349540.3073921204
-9246408981.8870277405
>Layer 2 weights: 1x16
-96912028415.4023742676 36191077877.3396224976 318276878291.8583984375 34333683017.1639900208 136554150454.8943481445 2275216904.0753154755 0.0773291936 -582568661.4131157398 -3329415311.3025484085 210260431557.0789184570 120168087427.9030303955 61947510743.2167587280 -3908760879.6781101227 -7916176234.3656539917 -2490050764.1784405708 54788833368.0358734131
>Layer 2 biases: 1x1
134729117154.0661163330
