>Model: base_python_model_20260501_123659.txt
>Data used to train: /Users/andregodinho/Documents/GitHub/ANN_Backprop_Implement/data/training_set.howlin
>Number of samples: 4266
>Epochs: 5
>Learning rate: 0.01
>Batch size: 32
>Learning rate decay: 0.95
>Decay every: 20
>L2 lambda: 0.0001
>N layers: 4
>Architecture: 27,32,16,1
>Activation hidden: relu
>Activation output: sigmoid
>Loss function: binarycrossentropy
>Layer 0 weights: 32x27
-0.2010268503 0.1834401656 -0.3985149140 -0.5226755552 0.1180484633 0.2034858988 0.1582104995 -0.4257938283 0.5265666179 -0.2643520726 -0.1909806464 -0.1384754721 0.2207500513 0.1523079424 0.1064549736 0.2892192830 -0.1518229685 0.1390315018 -0.0913081551 -0.0566781707 -0.1899677808 0.0780985011 0.1118545834 0.3291763676 0.2530504282 0.1849678727 0.4363779810
-0.0672832209 -0.2558320253 -0.3417974152 0.3049478031 -0.1471597398 -0.0643513251 -0.0870155813 -0.1141184256 0.0238508085 0.0710579927 -0.2187538574 0.4160927030 -0.0411181085 -0.0687589983 0.1952748769 -0.3147181980 0.1573165679 -0.5860810009 -0.1945405938 -0.3259764083 -0.0211484165 -0.2620504109 0.1553644730 -0.0828128809 -0.4819187443 -0.1894754270 0.3126275192
0.0042728541 -0.0524408929 -0.0209125947 -0.3055843692 0.1165810168 -0.5143145669 0.2667182123 0.0813222693 -0.0717115360 -0.2314827052 -0.0791854402 -0.4555552081 -0.4728766162 0.1469774968 -0.3332319167 0.5092412441 0.0658453452 -0.1804861526 0.6741133350 0.3598261256 -0.0324220216 0.4148104951 -0.0396302090 0.0267519813 -0.0299875516 0.0388938632 -0.1692570840
-0.2607157706 -0.3361789531 0.2144493701 -0.0321321376 -0.4281075941 -0.1771050931 0.4537554531 -0.3044357574 -0.2871549180 0.3796950635 -0.1100754331 0.0219729186 -0.1182243618 0.1088153144 0.1160321042 0.1601819086 -0.3978936888 0.0226417702 0.0519730671 -0.1678308431 -0.0205918597 0.0732268467 0.5595259081 0.2369530019 -0.2435609552 0.4071267254 0.2126353189
0.1672437796 0.2315794052 0.4342348031 0.3920422277 -0.0465762761 -0.2913832597 -0.0496531479 -0.0089154753 -0.1992010789 0.0477695614 -0.1575256850 0.4971585522 -0.2019205421 0.1328506424 0.4175770893 0.3187741493 -0.2590516536 0.0900420695 -0.3756420303 -0.0035409375 -0.1185533101 -0.9952416292 0.2729200380 0.1142177686 -0.3937216367 0.0607484867 0.6044397189
-0.2322169916 0.1338272448 -0.1469181975 0.0500892520 0.0219629867 -0.3056252227 -0.1585951328 -0.0436949568 0.3894177219 0.1066293401 -0.0846203144 -0.2806909992 -0.2702995352 -0.2736469974 0.0937108639 0.2312012572 0.3712222928 -0.2833809122 0.0584829408 -0.3593446698 -0.0175687929 -0.2423145715 -0.5626444984 0.2593413753 -0.3445132044 -0.5584706548 0.1071333563
-0.0585575683 -0.2819252387 -0.5780523200 0.2953219970 -0.1341249841 -0.2332841853 -0.7422754209 0.1363528141 0.0805811660 0.1352319755 -0.0627791444 -0.1341288837 -0.1763600138 0.0058747069 0.1495445398 0.2495593703 0.1547088230 -0.6330501817 -0.2116854496 -0.0151712488 -1.0216388577 -0.2975609566 -0.0816159254 0.1915306463 -0.0507181126 -0.1389678017 0.1585222649
-0.2521318097 0.0790799424 -0.2366191340 0.1407714495 0.1257511657 -0.2963630643 -0.1262524236 0.4782769644 -0.0234881327 0.0516239256 -0.4684688801 -0.5486573410 -0.2078520328 0.3329366577 -0.4474060002 -0.1043794628 -0.0824538392 0.6246406579 0.2045124645 0.2059363394 -0.6752224682 0.0418452106 -0.7248290216 0.0918485476 -0.3504291908 0.1003367550 -0.0957654008
-0.3045163165 -0.1324823744 0.0600886591 0.1080797670 0.0697016783 0.2439354714 -0.0675172831 -0.4299948920 0.0232374723 -0.3240025883 0.1034603103 -0.1248484532 -0.3303296608 0.3797103098 0.1214078821 0.1211409804 0.4500958026 -0.0821115759 0.5192872045 0.0157479709 -0.2311886208 0.0601777830 0.1164008578 0.2208610448 -0.0342670848 -0.2557002763 -0.1441963991
-0.1501136578 0.0019900353 -0.3383212830 0.0308746207 -0.1492348467 -0.5535634778 0.2576829191 0.5413615778 -0.4054614803 -0.4153496295 -0.0470442295 0.2708734818 -0.1070543289 0.0496744479 -0.4348753745 -0.1052142605 -0.0156674928 -0.1511615732 0.2288379283 0.0356660721 -0.2936997121 -0.0481097949 0.0544211250 0.1547159596 -0.0598048201 -0.6532581232 -0.3358371446
0.4851081126 -0.0625673365 0.5204676041 -0.5100448284 -0.4957824410 0.2776060994 -0.1653986615 -0.5258338482 -0.0415305284 -0.2309063374 -0.2828849595 0.4255913186 0.3036177982 -0.2188029226 0.1684419355 0.2222420740 -0.3500597224 -0.4476704652 -0.2672832154 -0.2646737566 -0.2301243091 0.0829436662 0.1448102089 -0.3657107820 0.0871845095 -0.5523517402 0.2993482682
0.1642750135 -0.3363790703 0.2710834170 0.2296022672 -0.2191620106 -0.1904945434 -0.0581545484 -0.2314724541 -0.0217197489 -0.2177810776 0.3165874693 0.5555514148 0.0796191247 -0.2075062955 -0.0628501114 0.1087816565 -0.2098522289 -0.2837264099 0.1476625730 -0.0683135013 -0.5408738953 0.0074563058 0.3449858445 0.3333148165 0.3261207865 0.2768906334 -0.1263863704
-0.0310811373 -0.0164793144 -0.1106611504 0.1609713469 0.0000367006 -0.3686484055 -0.1537519545 -0.6160157998 -0.2727119152 -0.4570509880 0.0173595820 0.2180182225 -0.2519267279 -0.4343813038 -0.1387512948 -0.0714672746 -0.3268525566 0.3099749262 0.2551730460 0.1962555129 0.1381511657 0.4647166384 -0.1242923565 0.0428572304 -0.2513198063 0.0926587931 0.2020750862
0.1606105442 0.1317729499 0.1386978137 0.3643918113 0.1813114277 -0.2766066914 0.2089683489 0.0867130636 -0.5409704551 -0.3320527057 -0.1919127461 0.4234519959 -0.0048749477 0.4178388893 -0.1366469428 -0.1378349277 0.0856916463 -0.3181062638 -0.0105911470 -0.6860564693 0.2022752069 -0.3437915231 -0.0393807409 -0.0914371174 -0.2716030517 0.1897062861 0.0645919342
-0.5725193379 -0.2241764666 0.3888748194 0.3594940865 0.2050776826 0.1661340185 -0.0831232852 0.3220804030 0.1711584681 0.1562020048 -0.1601725476 0.1588269094 0.1492342143 0.0279382335 0.0586021893 -0.2800559613 0.2122310166 -0.0863247835 -0.0340440523 0.1681320053 -0.0066694428 -0.0119553469 -0.0914277854 -0.0315398783 0.2978652225 0.0758252265 -0.1192441596
0.2657876624 -0.1491754470 0.2100227263 0.2403523253 -0.4550453586 0.0847352461 0.0876626572 -0.3070925441 -0.3609427862 -0.0905045910 -0.1461952026 -0.0357258701 -0.1243644225 -0.2810101759 -0.2846041302 -0.4537583807 0.3648775716 -0.0530754601 0.0603656274 -0.1551038485 -0.2875159325 0.0266009362 0.1501285105 0.0759353211 0.0915229535 -0.2696838314 -0.3503521160
-0.1566011531 0.3676759470 -0.0764927091 -0.1000961134 0.3327975829 -0.1033518223 0.0230401790 -0.6886034471 -0.4524425719 -0.0814896914 -0.0737167081 -0.0105814769 -0.1932796115 -0.2896644104 0.1981242812 -0.0608349268 0.1274639543 0.4917471799 0.1875415405 -0.3218353986 0.2555088715 0.2183838636 -0.1200884903 0.3538981075 -0.6114226743 0.0426455291 -0.1083132211
0.1442184558 0.3291607868 0.0492887623 -0.0903575742 0.0920242966 0.3347320941 -0.0465818929 -0.0337666200 0.1688637710 0.0229139970 -0.1511441685 0.3879019033 -0.1177124068 0.6547427600 0.2503028932 0.1761142447 0.3881184242 -0.0230771900 0.1268869663 0.3629033858 0.4436942036 -0.0328506266 0.6490471571 0.0515706088 -0.0683881683 -0.0166489240 0.3357432896
0.0268958074 0.3202014254 -0.6634897595 -0.0190080534 -0.0242643462 0.2335953835 -0.0953603309 -0.0290580972 0.3762660108 0.0729466977 0.0468415228 -0.0307326019 -0.3389274118 -0.1145921335 0.3711247242 0.2731119010 -0.0812357613 -0.1105789193 -0.2658434137 -0.1201873414 0.1795662532 -0.2629020282 0.0320957040 -0.1562129443 -0.1662185002 -0.0636245073 0.0045165217
0.6712627905 0.3359750875 -0.0834129605 0.4805422309 0.1291010751 0.3673700396 -0.0917494973 -0.0943906251 -0.1351801769 0.5707618223 0.2269661988 -0.0302935069 0.2045501960 -0.4390318362 -0.9330233113 0.1031678794 -0.1574110307 0.1192166841 -0.1861941167 0.1775812539 0.2854376473 0.1065987273 0.0500963434 -0.1630676777 -0.4856929188 -0.1554374554 -0.9865614547
0.1330081862 -0.1294629127 -0.4886695509 -0.0163232807 0.5008453021 -0.4388485222 -0.5023304904 -0.5670555289 -0.0574588574 -0.2148599501 -0.1303952853 -0.2052616833 0.1689268003 0.6642087681 -0.2876223234 0.5301937925 0.4083783234 0.4600339696 -0.0195689870 -0.0204491126 0.1504377740 0.0234522463 -0.3816573254 -0.1464858583 -0.2732648461 0.0071477478 0.4774360060
0.2777892029 -0.1849761011 -0.2656133020 0.3986554268 -0.3015637238 -0.1211039957 0.0594838768 0.2514218053 -0.0398081208 -0.2021653217 -0.1457616705 0.2757150512 -0.4102274136 0.1446685568 -0.0043280771 -0.1170021683 0.1407128813 0.4488939801 0.0305740970 0.0351743794 -0.3951299705 -0.0754156934 -0.1923847484 0.1220432598 -0.3743986458 0.0350212076 -0.1813336587
0.7057485090 -0.0884640793 0.3081304528 0.0720780465 -0.1048038836 -0.3560821080 0.7819385155 0.0359782973 -0.0843738915 -0.0992096001 -0.0538322724 0.3155008446 0.0863394393 0.1581464643 -0.0272919595 -0.4053871182 -0.1344841966 -0.0996414230 -0.3814663359 -0.2353899083 0.4395711663 0.4539795518 0.3456138561 -0.4441094842 -0.0301731723 -0.2202631366 0.0307018879
-0.0560193789 0.3983844695 -0.0842978947 -0.3219970610 -0.2693130029 0.0021314642 -0.0238164683 -0.3660197597 0.1749259654 -0.3250995294 -0.4412389563 -0.2448457944 0.4651049005 -0.1196511432 0.0638528906 -0.3246440387 -0.0469788084 -0.0794514385 -0.0108322108 -0.0269144392 -0.1072388844 0.3248242484 -0.1393821902 -0.0934673751 0.2611598901 -0.2760480089 0.4639400676
0.2940098842 -0.7742857952 0.0629565942 0.4107753804 0.5857776107 -0.1594326310 0.0796378470 0.2293836009 0.3521083201 0.1467437855 0.2851373638 0.0504846181 0.4806043358 0.0728308345 0.4779185591 -0.2066851354 0.0057672404 0.3072141948 0.4968400068 -0.1310549722 0.1440688087 -0.2974098698 0.0078608465 0.1072815096 -0.2353722687 -0.1693490882 0.2454451593
0.1667422241 0.5234029651 0.5207495653 0.2300295894 -0.1373665716 0.3241389737 -0.2663435856 0.0186062071 -0.0951267239 0.0259727138 -0.0899677016 -0.2212806490 -0.1884570401 0.0701967639 0.0535761889 0.5028832181 0.1707286924 -0.3122279320 0.2157023024 -0.4644382307 0.2912548028 0.0904054597 -0.3705718665 -0.2816284969 0.0951914798 -0.3246380327 0.1758825991
0.3102452320 0.2323319619 -0.0331012072 -0.0676247513 -0.3548750454 -0.0492301847 0.0218067687 0.0328250949 -0.0870400118 -0.3650576687 0.3094136245 -0.5054007518 0.2235910554 0.2303990330 -0.2030327281 0.2401083311 -0.1341524903 -0.1184714043 0.0531420450 0.0528442999 0.2203906479 0.2848897263 -0.3689790437 -0.0230297462 -0.2184334805 0.2681011929 -0.1752978634
-0.0402587411 -0.3672578695 0.0684172681 -0.1868476193 0.7055162074 -0.3984614790 -0.0473962736 0.1218838368 0.1549987840 0.1449067135 -0.3182945083 0.2313304324 0.0816888769 0.3820375236 -0.0602478097 0.0299374790 0.0968486237 0.1108422391 0.2831234746 -0.1107156228 -0.2890515211 -0.1802286457 -0.4922163994 -0.2222486758 -0.0961224793 -0.0671917281 0.2298126726
0.4419762840 0.3400565987 0.2713985276 -0.1591393414 0.3168557583 -0.1756745506 -0.0954551072 -0.2947439248 0.0768274374 0.3090685893 0.0628198075 -0.4878626167 0.0941065369 -0.2456758596 -0.4050829948 0.2998181659 0.0417595159 0.0020054413 -0.2126703791 0.2741607968 0.2131039015 0.2091319555 -0.4279352488 -0.4354852213 -0.4678145079 0.6076996939 0.1081726783
0.2123155265 0.0437269443 0.2129648713 0.2469315233 0.4889895478 0.0037421351 0.1808786517 0.1067465928 0.1927868454 0.4193865506 0.3109243976 0.2585430067 0.3049615834 0.1976345351 -0.1530826989 0.0749495763 0.2925572575 -0.1590464713 0.2021247404 0.1632863363 0.2813578616 0.1023497154 -0.3643973288 -0.4258571000 0.1424795281 0.3220349195 0.3369271129
0.1302112849 0.1312076251 -0.3991703141 -0.0664143281 -0.1361007033 0.2756631193 -0.3832263436 -0.4647390218 0.0335116070 -0.3516601934 0.1475235399 -0.1644328748 0.1241882365 0.1607026703 -0.1380816633 -0.1484804792 0.2386729258 0.2164635977 -0.2771205547 -0.1480001982 -0.0264040528 -0.5119633506 0.0601729198 -0.3451703547 0.1486090761 0.2662893941 0.3875773767
-0.2844397147 -0.1938911549 0.2557106139 0.2205172197 0.3512333081 -0.2720764627 -0.0037286032 0.2732464047 -0.0650031852 -0.3175447213 -0.1614908287 0.1450130261 -0.3621615229 0.1568624715 0.5898155662 -0.1679478233 0.0912642599 0.0385486875 0.2794924061 -0.0905315431 0.1860330231 0.0158830786 -0.2533358928 0.3603503024 0.2088293131 -0.0534212000 0.4169048328
>Layer 0 biases: 32x1
0.0035930623
0.0388922976
0.0129305394
0.0104423627
0.1143468539
-0.0082466880
0.0108328422
0.0235463657
0.0243793553
0.0203182715
0.0034636656
0.0012431455
-0.0380435694
0.0359891247
-0.0116175610
0.0543403102
0.0100601193
-0.0453661294
-0.0261018394
0.0003827628
-0.0125664806
-0.0404391861
-0.0055597599
0.0101100576
0.0034709794
0.0187645708
-0.0124150850
0.0065051890
0.0416755632
-0.0964028952
0.0380586760
0.0421261786
>Layer 1 weights: 16x32
0.0114373113 0.0712632725 -0.2232414044 -0.0165959871 -0.2547694567 0.0803377208 -0.1945061825 0.2178334443 -0.0075459520 0.0556434974 -0.1830348449 0.0738394023 0.4792332722 0.2457396080 -0.0813208234 0.2849302414 -0.0956941967 -0.0297920129 -0.0298928643 0.1771471977 0.1729040367 0.1604430781 -0.2160593251 -0.0624097884 -0.0859092778 -0.1690890116 -0.0138967902 -0.4271079677 0.0895648734 -0.1355936160 -0.1100820708 -0.0824965783
0.2577782098 -0.3136548533 -0.1748669676 -0.0463471776 0.0213665712 -0.2020395653 -0.4837426350 0.7049986871 0.4435949860 -0.1549754779 0.0018078211 -0.0276971063 -0.4176221119 -0.6208491306 0.4768716226 -0.1465287725 0.0607967559 0.3936758906 0.0449801658 0.1764314583 -0.2695041510 -0.1626694216 -0.4497186780 0.0947334756 -0.0572079891 0.0882858416 0.1488853796 -0.2178000741 0.2405081357 -0.0973269505 -0.4566736346 0.1835902917
0.1384278724 0.0262169972 0.1495560104 -0.1497465807 -0.0205527711 -0.2929761136 -0.1247738114 -0.1968231618 0.0403940512 0.2598972627 0.0067032528 -0.4208802804 -0.0753896588 -0.1950612763 -0.2755541698 -0.1681491430 0.1342252130 0.0281678710 0.7951987147 -0.1143641066 -0.4062593443 -0.1860859912 0.2796158975 -0.1672529020 -0.1896406856 0.1551772449 0.0869633072 -0.0286235250 -0.2133893833 0.1862161775 -0.3011587003 0.5668748379
-0.1237166351 -0.1718876514 0.2088111166 0.3289071977 0.1836705534 0.4190207747 -0.0152796238 -0.0228357809 0.1794049637 0.5259202252 -0.1287841510 0.1428768793 -0.0678517940 0.2800180965 -0.2314131447 0.0827283067 0.2285824228 0.0043401279 0.2063998286 -0.1335572816 0.1254883023 -0.0047764723 -0.3615450676 0.2103303592 -0.4143731408 0.3438955870 0.1251796664 0.4868484169 -0.1906931744 0.4107639384 -0.1027526308 -0.1324313973
-0.1237630348 -0.1147447881 0.1996735350 0.4005104770 -0.2064723539 0.0405807170 0.3556065343 0.0184629267 0.1710115333 -0.2936503798 0.0064578278 0.3282333698 -0.2203719498 -0.1449452678 -0.0679275838 0.0580256562 0.3261285168 0.1690574343 0.1940202731 -0.1124931390 0.2331119790 -0.3599304439 -0.3632943392 0.3292454047 0.1516741974 -0.2139132880 0.1284877254 0.3147554961 -0.2668078653 0.0611558736 -0.2650968242 -0.3196175098
0.3199297908 0.2222771245 0.4936009705 0.1481163639 0.2904892379 0.4333605287 -0.3609455572 -0.0896523012 0.3651968248 0.1635414544 0.4477475434 -0.3158307981 -0.3594696723 0.2301017602 0.1740973491 0.1625180695 0.0077438738 -0.2922549961 0.0484755621 -0.2522797373 0.0888820355 0.1458476677 0.0568523711 0.0153128673 -0.2409569304 -0.2860635525 -0.2186539217 0.0543231824 -0.1249759969 0.1023471451 0.1948900215 0.0487548464
-0.0328385809 -0.1308431586 -0.1338672421 -0.2437836230 -0.1006685381 0.0249339588 -0.2177122378 -0.3295450601 -0.2605297584 0.1074985803 -0.0266805757 0.1470300833 0.1810731875 -0.2898753198 0.0568307782 0.1158057045 -0.0077908211 -0.1515403608 -0.0177667414 -0.0330312263 -0.0391930072 0.2664539397 0.1730842522 0.3567645125 0.2405988912 -0.1922868801 -0.0728355923 0.0278294995 -0.2011409285 -0.2277169230 -0.1912785889 -0.3128382837
0.3044414176 0.2306811073 -0.3183644702 0.1159199026 0.2330438097 0.0732638324 0.0550829054 0.1800710642 0.1398903130 -0.0906926388 0.0592221254 0.0042300026 0.4603953336 0.0429870354 -0.0384153849 -0.0823996915 0.1084124250 -0.0284042936 0.1887893632 -0.3171953752 -0.0122243483 -0.0741277525 -0.4578733526 -0.0365623544 -0.1546733735 0.3149786202 -0.4128608911 -0.4114701112 -0.2079809702 0.1624278530 0.0141468643 0.1176838032
-0.0239849881 0.0386287841 -0.0214940474 -0.0409404773 0.0395548365 0.1713855270 -0.1095844934 -0.1695380232 -0.0527943209 -0.0526095185 0.1937498981 -0.1713013880 0.0293301537 -0.2931321340 0.3938937888 -0.0231096559 0.1442194259 -0.5462823100 -0.1730038855 -0.0802118977 0.1776072178 0.1239457369 -0.1686176449 -0.1804496901 0.3819574713 -0.1959994004 0.0957374296 0.1152631010 0.0177610299 -0.3836012016 0.3558700520 -0.0511434354
0.0477567465 0.0194061543 0.2349734045 -0.1378303909 -0.4101263607 -0.0284711232 -0.3900688409 -0.0060414794 0.0516909119 0.0043113613 0.0072475204 -0.1255950001 0.0264708549 0.2640861747 0.0041189708 0.1015899707 0.1921392637 0.2236258653 0.0720616503 0.2316171244 -0.1093849279 -0.1433550462 -0.1153228145 -0.7373207949 -0.4800386039 0.1773176500 0.1509888874 0.1633270784 0.0234162949 -0.0670511514 0.0731389124 -0.2505657518
0.1849392837 -0.3991398899 0.1057762551 0.4009087762 -0.1303426589 0.1398719120 0.5791488741 0.2070639996 0.4591576404 -0.0262156326 -0.0604354685 -0.1115624668 0.2274961521 -0.2417459935 0.1418677160 0.3481118115 0.2787048721 0.0969301629 0.0723009977 -0.0234759572 0.5790286878 -0.0233488177 0.1044564890 0.1243403400 -0.4243243724 -0.1396946934 0.0648502051 0.2861681481 -0.2883370180 0.0953326853 0.0369384580 0.1349395974
-0.3061060998 0.1759264730 -0.1603529016 0.3261148194 0.2141577917 -0.0312531067 0.1170791331 -0.2364753220 0.2142243721 -0.0803415271 -0.1995892454 0.1456754398 -0.3105550209 0.1920758597 -0.1295208300 0.0254096044 0.2646271819 -0.0594711612 0.0258577570 -0.2629762374 0.4842702682 0.2646293769 -0.0908995273 0.2885316827 -0.1466077431 -0.0443271182 -0.1314494143 0.1448846949 -0.0172933738 0.3514959411 -0.1609183838 0.0399712403
-0.0411428909 -0.1628256925 0.0196870672 -0.0183654211 0.2576425408 -0.3090640677 -0.1796613521 0.1806237715 -0.2159777359 0.1263188783 -0.0131610596 -0.2502739410 -0.2665596021 0.6871168478 0.4678011239 0.2241698222 0.1280267564 -0.0067995652 0.1350921462 -0.0615149927 0.0494066589 -0.6249389694 0.0547200253 -0.4153474308 -0.2279723114 0.3186851181 -0.1611425132 -0.1797355719 0.2261560564 0.0849370650 -0.1716200610 0.0833742706
-0.5571968370 0.0780184855 -0.2503299854 0.2989476994 0.3626276208 0.0652964607 0.2068989606 0.2737017141 0.1326574584 -0.0480569733 0.0052526252 0.3303835587 -0.0772273344 -0.1272963812 0.0816996832 0.0745788325 -0.0586491298 -0.2392892713 -0.1841909415 -0.6499342455 0.4793404910 0.2653875262 0.1068805992 -0.1054836432 -0.3435784120 0.1698415835 -0.3092322583 -0.0012185099 0.2496770479 -0.2178388937 -0.0437867856 -0.4153491946
0.4015179133 -0.2053819581 0.1636914321 0.2098340588 0.1958611206 -0.4351936925 -0.1081303152 0.1349657145 -0.0231653191 -0.3978807197 0.1543928857 -0.0890526831 -0.1384446741 0.0476592008 0.0396838769 -0.2986926527 -0.1980299492 0.1329113228 -0.1310863857 0.0654490697 0.0681108672 0.1131776668 -0.2862389054 0.0004115453 0.2490887220 0.2153489091 0.0713046283 0.1610975473 0.0620834831 -0.4035200318 0.3340169803 0.6745222458
0.1733914189 -0.1928436194 0.0914927180 -0.0683439713 -0.0616005158 -0.0767367526 0.0992610287 0.0612184111 0.0539333272 0.0227810743 0.0269244324 0.2698159073 -0.0048943319 -0.0316132186 -0.0633341511 0.6143989993 -0.2273577881 -0.3767526024 0.1670458055 0.0447148385 0.0627497947 -0.2359159048 -0.6340403781 -0.0857757437 -0.0285735801 0.2876111036 0.0163300013 -0.3401493496 -0.1921009551 0.3293930918 -0.1152085007 0.1787008908
>Layer 1 biases: 16x1
-0.0005751772
0.0008812657
0.0063142678
-0.0198264577
-0.0028015029
0.0159936869
0.0014409912
0.0002682412
-0.0182738440
0.0111878434
-0.0339611859
0.0655272214
-0.0114486443
-0.0009450034
0.0555441577
-0.0038844311
>Layer 2 weights: 1x16
0.0386076330 0.3415266222 -0.3791984592 0.2922526609 0.8128006848 -0.1266585973 0.0222718713 -0.0258615376 0.2240463128 -0.2553492984 0.5376781865 -0.6847437398 0.1656544428 0.0339968747 -0.8353278071 -0.0445425682
>Layer 2 biases: 1x1
-0.0677543341
