>Model: model_20260428_183826.txt
>Data used to train: /Users/andregodinho/Documents/GitHub/ANN_Backprop_Implement/data/training_set.howlin
>Number of samples: 4266
>Epochs: 5
>Learning rate: 0.01
>Batch size: 32
>Learning rate decay: 0.95
>Decay every: 20
>L2 lambda: 0.0001
>N layers: 4
>Architecture: 27,32,16,1
>Activation hidden: relu
>Activation output: sigmoid
>Loss function: BinaryCrossEntropy
>Layer 0 weights: 32x27
0.0866915476 -0.2060871032 0.3250184209 -0.1397253670 -0.3129446933 -0.0242099136 0.3507648408 0.1037539382 -0.0586915614 -0.5035578165 -0.3227552608 -0.1109864461 0.1765826722 0.4333240075 0.1952871724 -0.1442668892 0.6505918149 0.3867105067 -0.6722980334 -0.5679316874 -0.3042204965 0.1049512722 -0.4262375256 -0.6064359589 -0.4427927210 0.1356691809 0.0670318153
0.4338729674 0.2453387435 0.3166854709 -0.0219440397 -0.4125062858 -0.0940838500 -0.3377889451 0.3086411339 -0.2102200640 0.0478900588 -0.0924760291 -0.0238646025 0.0212422878 -0.1717797037 -0.4939535351 -0.3164819622 -0.0300044078 -0.3915230752 0.4529173116 0.2336824754 -0.5002974752 0.3918403279 -0.2970293541 0.5094285705 -0.1819097693 -0.1154995288 -0.5557698941
0.2162310922 0.2167083433 0.0346244563 0.0629693257 -0.2785965758 0.3992836373 0.7644342394 0.6570812339 0.0127678157 -0.0931742441 0.4422996237 0.6229325918 0.3084915287 0.2286724293 -0.0739641616 -0.5132648027 -0.3719603972 0.1765479436 0.3145696334 -0.0264126968 0.2620549378 -0.0033195688 -0.0280599677 0.0803433048 0.5121760180 0.2284038513 -0.1065843543
0.2779977477 -0.3877205749 -0.4186928204 0.1055223838 0.0129075286 0.0710542914 0.2013250883 -0.3312879764 0.2991413895 -0.0005699223 0.0525055956 -0.0787031152 -0.1200842515 0.0009801087 -0.1363943839 0.0031707276 -0.2532757246 0.7291078084 -0.1498924321 -0.3817647923 0.3633230364 0.3970897090 -0.1810811228 0.4308660801 0.6961818922 -0.0824732588 0.0412285383
0.1530090158 0.3284758343 0.4180746967 0.3978983850 -0.4344887660 -0.1877431776 0.3249172638 0.5228456700 -0.0748331280 -0.0090685678 0.0293357677 0.3520898846 -0.4351056135 -0.0917479639 0.0315565550 0.2212744337 -0.4193164683 -0.4340518941 0.4260092129 -0.3115309320 0.2020463087 -0.1836875555 -0.1980598231 0.3365626149 -0.1528591217 0.1694872353 -0.2167498983
-0.2564527989 -0.2238344678 -0.2939881875 -0.0050495621 0.1897831617 -0.3371334716 -0.0543030692 0.0993120600 -0.0832944249 -0.1020113525 -0.4724997243 0.0282597854 0.1376581752 0.2016555268 0.0909491796 0.0020257524 0.1626633181 0.6101043930 -0.0165138738 0.1846153322 -0.3094867694 0.0501865981 0.2693421454 0.4390857863 -0.3402264971 -0.0903194921 -0.1559240516
-0.6934967351 -0.2099052408 0.0307935103 -0.9338716549 0.5842200369 0.0103872866 0.2584777399 -0.1170303092 0.4031684284 -0.4473201119 0.1305919944 0.1433092937 -0.2218506400 0.1393635777 0.3011594982 -0.3268207175 0.0621808405 -0.1893279829 -0.4518785681 0.0659297500 -0.1187659233 -0.1249259303 -0.0817979374 -0.1105695302 0.1694791015 0.4240868226 -0.0847793951
0.2009871918 -0.1444187911 -0.4143778950 -0.2206844746 -0.1422624369 0.1359124167 0.4379137148 0.2903770394 -0.3621055951 -0.0567214928 -0.5589916211 -0.6097874073 0.0841755492 -0.4706830208 0.6359549375 -0.0308676318 0.3024536848 -0.0103786943 0.1136595569 -0.1181755650 -0.2984147955 0.1490217777 0.3772704367 -0.1947405832 0.0649441255 0.2104609647 -0.1063349383
0.0108233628 -0.1270445389 0.2930309890 -0.0394778116 0.3244307537 -0.4002982553 -0.0367780979 -0.0707295934 -0.1686434219 -0.2901206884 0.2229229558 -0.0573689663 0.1367493541 -0.2547647739 -0.3192763252 0.4546434644 -0.2398133424 -0.0335707924 0.0982734123 0.1055034225 -0.3936605022 -0.0687163363 0.1240000196 0.2023263198 -0.2677653221 -0.2063730333 -0.0728590281
-0.1624480048 0.0395053296 0.1791299472 -0.1916478310 -0.1228580375 0.1532462328 -0.4371664732 -0.1497781621 0.1381167017 0.0263313669 0.1516650231 0.2923212840 -0.1620229951 -0.0627451348 0.1883469150 -0.0726241332 -0.2549086624 -0.1120333521 -0.0895022721 0.0773601246 -0.0254463261 0.2225545018 0.1168284880 0.1444681595 0.3301720318 0.2119419488 -0.1645374868
-0.1079900449 0.1005171589 0.4768560421 0.4020432654 0.1597270528 -0.2266252144 -0.0951847073 -0.3993074778 0.0208719843 0.0934521618 -0.1953106849 0.0614522978 0.2152022998 -0.1908324259 0.1585462466 -0.1030610993 0.3418223021 -0.2476436134 0.1731541294 -0.0067913003 0.2147212629 0.3093486796 -0.2421927489 -0.1994858239 -0.1020675059 -0.2467356694 0.0399375047
-0.1302096946 0.2525373138 -0.2482042608 0.1229934407 -0.2433132465 0.1247161126 -0.2135892423 -0.0408071435 0.0435186660 -0.1551321378 -0.3823618342 0.5048018027 0.1285155566 -0.0118779008 -0.1245980312 0.0631834024 -0.0486468178 0.0641443483 -0.2144321867 -0.0523945355 0.3261861323 0.5715610988 0.6591866024 0.1789977285 -0.0634242777 0.2353822290 -0.4328792325
0.3298800043 0.2498376955 -0.5015303124 0.0280801930 0.2897713901 -0.2622435830 -0.3021515068 -0.7569941581 0.0752151145 0.1223698408 0.0252053516 -0.7850155310 0.3861008031 -0.3575833258 -0.1640349285 -0.4672628023 0.7512369382 0.3820951679 0.0684831513 -0.2732116277 -0.1662969397 0.0643456210 -0.2703921413 -0.2500735805 0.2883426535 0.0555389922 -0.1076183526
0.0043496196 -0.2400212574 -0.1126489920 -0.3451173330 0.1698800974 0.2874166057 0.2248080885 0.0887050600 0.4320651154 -0.3317155762 0.1551380370 0.1319883327 -0.2441234337 0.2584618740 0.0166421621 -0.2165392003 -0.2921163656 -0.6502537863 0.1286095137 -0.0821198098 -0.2992399069 -0.0584350777 0.2423966952 -0.0894910492 0.1155560488 0.3832007650 0.0822330027
0.0130908434 0.1502694984 0.3568929120 -0.5209760354 0.0246376652 -0.2094433720 0.1294491699 -0.1243169396 0.1295196173 0.2631340528 -0.2078719280 0.0748896666 -0.1065213113 -0.1027681858 0.1062707261 -0.0749054391 -0.1805708813 -0.1234508248 0.3143379974 -0.0110522637 -0.3786935954 -0.1410829312 -0.0734136293 0.0106842263 0.3189437244 -0.1601729213 0.2469646285
-0.4365263372 0.2766094510 0.2290155447 0.1299539867 0.3679132437 -0.0854696517 -0.0709413564 0.3773320719 -0.1211127534 0.0326305968 0.0250764610 -0.1724410937 -0.0975725606 0.2487483278 -0.3343387038 -0.0450367253 -0.4278068504 0.0146384311 0.1925951306 0.0260151630 -0.4022491996 -0.0704694007 -0.3041611874 0.2858186196 0.2085688960 0.3377941114 -0.4647454431
-0.0029875153 -0.0054036716 0.1223809212 0.0929029542 0.0076464709 -0.1011360124 0.3228850322 0.2778607336 0.0216878338 -0.3617178033 0.0097013798 0.2277616091 -0.2895179156 -0.3788266052 0.3166838341 -0.2160675025 0.3265964656 -0.1065820484 -0.0530808175 0.2318967316 -0.0985208133 0.3207468885 -0.4777854457 0.1321951454 -0.2152575540 0.0272109858 0.1814749655
0.2324708380 -0.3558158187 -0.1866864682 -0.1156658420 -0.2098884230 0.2818723046 -0.0762912485 -0.1064020317 -0.0396355719 -0.3059224757 0.3369367290 0.1545743989 0.0147858629 -0.4264086546 -0.1211517608 0.4982224609 0.0277644343 0.0755168879 0.1782007518 0.4514860721 0.1644006763 -0.0654911240 -0.0746960091 -0.1698939490 -0.5801145405 -0.1124246704 0.1744949388
-0.3080850007 0.3547008221 -0.2683997118 0.1355705772 -0.0566931867 -0.1349294598 -0.2897518965 0.1223266349 -0.0540853056 -0.1278420850 -0.3117018713 0.1133482524 0.0948726599 -0.4205933098 0.1654258340 -0.0133440170 0.1886442919 -0.1959098196 -0.3087046952 -0.0873193719 0.2734574430 0.3409734336 0.0328565818 -0.1630039177 -0.0610459694 -0.1645228171 0.2242572862
0.1502537850 -0.1665571487 0.2443299796 0.1743651123 -0.2036229644 -0.4721293545 0.1623787925 -0.3739258857 0.0611667121 -0.1880315774 0.0756848781 -0.1248033617 0.4412180070 0.0009564524 -0.0744337284 0.0614457011 -0.4572617740 0.0131532414 -0.3348061786 0.0436440686 0.6170732354 -0.0010921493 -0.4299236310 -0.2609394463 0.0362150420 0.2432077961 0.4933391661
0.1712622064 -0.2473116899 -0.0562796029 0.2698632613 0.3936649917 0.1171669145 -0.0698679677 -0.0626042665 -0.1398601422 0.0741112475 0.0681360060 0.1520817715 -0.2418159286 -0.3948266182 -0.0972528824 -0.3630842974 0.4122883057 0.4211009505 -0.1068573911 0.1178364165 0.3308326504 -0.1643335381 0.0634621034 0.1029327752 0.5165348779 -0.1644844817 0.1144222346
-0.4349162392 0.0864132156 -0.3866565966 0.1931699547 -0.0474325443 -0.0859551230 -0.3798840039 -0.0898930978 0.2227517525 0.3225172566 -0.4191223817 -0.2132824863 -0.3692755463 0.0321759432 -0.2892036988 0.0659272769 0.0267982292 0.0301637960 -0.0629211380 -0.1481161186 -0.3854054984 0.2818232810 -0.4817579386 0.2975138907 0.2824638643 0.0397576146 -0.1254412667
-0.2909841052 0.2828356710 0.0735593020 -0.0890935336 -0.0432473745 -0.2787163287 -0.1082288390 0.2494649614 -0.0106236993 -0.3525911775 0.1719528346 -0.1588777423 -0.0786277764 -0.2487882654 -0.5103693805 0.2580678175 -0.0251424104 0.2482292952 -0.3951494999 -0.1727920031 0.1112928804 -0.0741689119 0.0494658833 -0.5066880627 0.2010499771 -0.2209546869 -0.0508043685
0.6684750819 -0.0269686156 -0.0534506466 0.1511363073 -0.5279276298 0.3427892611 -0.0967313983 -0.0006630511 -0.0074396642 -0.0133642454 0.2811610763 -0.4363575675 0.4092170034 0.2152488139 0.1778294818 0.1378291803 -0.2553427524 0.1689640363 0.4860154253 0.0086350194 -0.2966359170 -0.0453579329 -0.5740837784 0.1905564267 -0.1357898491 -0.2954912024 0.1252066755
-0.1296385614 0.0398427810 0.0605445953 -0.0585277437 0.0434642977 0.0830448413 -0.3952098154 0.0796458664 0.0781327227 -0.0281824959 -0.3366729415 -0.0003421653 0.1100033220 -0.2415003991 -0.1190412597 -0.4150626028 0.2159715452 -0.2030250726 -0.3799117478 -0.2010691477 0.0628277622 -0.0067859639 -0.0911978619 -0.1221753134 0.2072318976 -0.0063904926 0.0797315788
0.1578063931 0.1906846785 -0.1095418174 0.1663185021 0.0675071295 0.2662499614 0.1020587865 0.1681101839 -0.0899800463 0.0242366982 0.4562380705 0.4167247835 0.0730660210 -0.4960596318 -0.2872903288 -0.4137068216 -0.1884800549 -0.0675120387 -0.5819588859 0.0674872111 -0.2986115626 0.0263189469 0.2117193719 -0.3619074006 0.0310163088 0.2271061756 0.0176368716
0.4497384299 0.0960523880 0.1074838354 0.1551908962 0.2714827726 -0.1236961606 0.5882782755 0.0084837881 -0.1624652034 -0.0808145615 0.1667969316 0.3401930057 -0.0919406996 0.1044668898 0.0305121563 -0.1524078914 0.4690384683 0.1536946808 0.2688711116 -0.0289805183 -0.1941646715 -0.6157926290 -0.1549546570 0.1987175021 -0.0088004018 0.1751912879 -0.6282818428
-0.3013129535 0.5327211599 -0.2989840588 -0.1299200109 -0.2240986075 0.0123095055 -0.7964954940 0.1517623214 0.1865428166 0.0664456348 0.2712085560 0.6861919145 -0.1645655853 0.3201955702 0.1821298646 -0.4538576315 0.0452072364 -0.4932242804 0.2277648756 -0.3835009403 -0.3480182608 -0.1322493675 0.3151576441 0.2587864028 -0.2991495581 -0.0957545210 0.0476761617
-0.0473006773 -0.7268496365 -0.2888149663 0.1391429860 0.2622151198 0.5502500261 -0.1654303422 0.1410863117 -0.1374363014 0.1569450508 -0.2364493042 -0.2483351347 -0.6274134965 -0.1084389378 -0.3955460156 0.2860736842 -0.2877289953 0.0293862668 0.2857723904 0.2925898131 -0.0307174054 -0.0266700382 0.4614639385 -0.3205057201 0.1804080991 0.2517085409 0.3601840759
0.2597779767 -0.0337364384 -0.3775499888 0.4073029799 0.0321355759 -0.5831114265 -0.0477777157 -0.0390568906 0.3141801608 -0.0919815455 -0.0315584440 -0.1211433923 -0.2454451375 -0.3630048986 0.5142413810 0.0342868025 -0.1340554913 0.1526508034 0.1934440253 -0.3940783969 -0.2677190378 -0.0636809977 -0.2428485152 -0.1400042685 0.0716894131 -0.3609166202 0.1311152112
-0.7809730384 -0.0224527426 0.0323060090 -0.5645274239 0.1099596386 0.1867261471 0.4875738033 -0.1591108573 0.1384735087 0.1055452948 -0.2008961089 0.2178907904 0.0034509053 0.0279738222 -0.1977230573 0.1809434118 -0.0808408639 -0.0222099062 0.2290753728 0.1111567451 0.3260342754 0.1681084582 0.3020503291 -0.2456340100 -0.2518085129 0.0257632524 0.1132639599
-0.1064814702 0.3048006875 -0.5191325522 -0.3392560472 0.5656350165 -0.1415698364 -0.1331515541 -0.1384511253 0.1445897873 0.0840588670 -0.1103307088 -0.0988928875 0.2665862963 -0.1373220591 0.0755130638 -0.0230058019 -0.0174167334 -0.3149728210 0.1341299141 -0.3881184796 -0.1649730145 0.2290723524 -0.4837206417 0.1776260734 0.2045071327 -0.1273149897 -0.4837406480
>Layer 0 biases: 32x1
0.0007304874
0.0050811506
0.0244017750
0.0162903402
0.0262570456
0.0465358799
-0.0121710624
-0.0434711648
0.0660770828
-0.0099893575
-0.0008972112
0.0152424623
-0.0386513887
-0.0043559737
-0.0202986048
0.0085830129
-0.0437937677
0.0058110329
-0.0268086784
0.0511651729
0.0458523174
0.0135897773
0.0032892038
-0.0006861679
0.0010062322
0.0220300367
0.0117437637
0.0132615664
-0.0033544972
-0.0038007645
-0.0056457575
0.0330512837
>Layer 1 weights: 16x32
-0.4617124420 0.4079788765 0.3652246427 0.1827463787 -0.3845708703 -0.1048582301 0.6180726943 0.0585862275 0.1262758961 -0.0734257839 0.1130531679 0.1634536880 0.1882328790 -0.1876608572 0.1177156382 -0.2973067092 0.0465361914 -0.0591571597 -0.3849343688 -0.0131211464 0.1923266415 -0.1915798675 -0.2046430737 0.3656982538 -0.4518474292 -0.1570022928 0.6258601637 -0.1719430054 0.0840285750 0.3729254663 -0.2334124399 -0.3865217132
0.1708454819 0.4628721943 0.0709461854 0.1427573878 0.5611258654 0.1892202624 -0.2874591839 -0.3142229983 -0.6404592442 -0.0398183833 0.3494894629 0.2936569399 0.4824288164 0.2539237890 0.0858172699 0.0168766635 -0.3414878278 0.3252190323 -0.3197492885 -0.0220062835 -0.0623966721 -0.2100976249 -0.1276472191 -0.4051513796 -0.0864600374 0.1551703749 0.4753550125 0.0014671966 0.2051044835 0.1814086488 0.0783369274 0.0282093570
-0.1109364037 0.0610256598 -0.0675769685 0.4785585881 -0.0630306950 -0.4043429383 -0.0136414739 0.0814986318 -0.1858286947 0.1748892698 -0.1130794170 -0.1708128619 -0.0271955803 0.2399251072 0.2472400483 -0.1011449829 0.0040119529 0.5336377119 0.0939862128 -0.4073658368 -0.0534567643 0.0234798962 0.0768803442 0.4210617660 -0.4175880702 -0.0320275781 0.0302666801 -0.0089572981 -0.6375373865 -0.1284140175 -0.1835800867 -0.1145124925
0.1408593493 0.3537070866 -0.0178626257 -0.1015739208 0.0698154050 0.2708029263 -0.1024650926 0.0089302055 0.2750931881 0.0491904596 0.1116234763 0.0421087186 -0.1412853105 0.1193638444 -0.8397719721 0.4185455454 0.3250927382 -0.0408135209 -0.1901293539 -0.1487503460 -0.5100296277 0.4530097332 0.1465355102 -0.0233849095 0.0946819938 0.1478019339 -0.0281170402 0.2591049265 0.1706888345 0.0152066540 -0.1860583017 0.1509432190
0.2154328511 -0.0152156387 0.0157735073 0.1606994041 -0.4773132061 0.3241536847 0.3863826762 -0.2208224169 0.0352917063 -0.2551082785 0.3676092720 -0.3929216290 -0.0659695368 0.0818851846 -0.0666976982 0.1836909989 0.1937583703 -0.1791179596 -0.1639983341 -0.2326171187 -0.2275417462 -0.4513995043 -0.1770978851 0.1447143737 0.0103436668 0.3467692596 -0.3672267885 0.0100437198 -0.1587133971 0.0371798168 0.2242701231 -0.2650854567
-0.1273327171 -0.2616247997 -0.2666254120 -0.1190648709 0.1360180380 0.2694186235 0.2552546130 -0.1051685160 -0.0489647267 0.0377505697 -0.0697266603 0.1551516222 -0.3522860900 0.0082639799 -0.1486170399 0.2013315266 0.1082164097 -0.1602895707 -0.1720433486 0.4994024204 0.1005474730 0.0764936415 -0.3431990058 -0.0705006949 0.3331372868 0.4206161278 0.1263215542 -0.1697405934 -0.2737109288 0.0417448552 0.3490219087 -0.0324609037
-0.2615778768 0.1304532525 0.1777583715 0.3331984723 0.0721077430 0.0662947357 -0.1411347911 0.0575551565 -0.0386025298 -0.3431571507 0.4306301325 0.4536246784 -0.0292813063 -0.1632342524 -0.3878909337 -0.2598473511 -0.0530208456 -0.2981004538 -0.1706862595 -0.1146523302 -0.2361491002 0.0561256613 0.3325214927 -0.0308190267 -0.4882057392 0.2836021647 -0.0611922095 0.0016682025 -0.0154522558 -0.2247676916 -0.1805085394 -0.2744161746
-0.2303257955 0.0896268372 -0.0236827660 -0.1391976927 0.2865700209 -0.3714901674 -0.1921350390 -0.2268880855 -0.0731213966 0.1696461454 -0.1939181879 -0.0479924926 -0.0619424439 0.0246877449 0.3620546770 -0.0015955176 -0.0873994822 -0.0079386778 0.2328269122 -0.2837227586 0.2047992057 0.5191878675 0.0275766529 -0.1907684736 -0.4345549882 -0.2780960349 0.2270381148 -0.1168535490 -0.0346581041 -0.1925524121 -0.1556333570 0.2000577768
-0.1439321040 -0.0923657107 -0.0531501481 0.3167689401 -0.0173464140 0.2047558715 -0.2347945672 0.2266168208 0.7517198493 -0.2384544436 -0.1011291747 -0.3149966607 -0.0373648402 -0.0287294496 0.3296682138 0.0818361768 -0.1102521313 -0.0060294442 -0.2954047121 0.2105481532 -0.0589052704 -0.2495306363 -0.2378916214 0.1065656363 -0.2602935858 -0.0386278385 0.2069522975 -0.1140941896 -0.0720220880 -0.2461297899 -0.1441251290 -0.2196029330
0.0017015927 0.4847433019 -0.1524245379 0.5124889631 0.0183898478 0.4154320337 0.0225242598 0.2787128266 -0.0354341143 0.1214995629 0.6032726208 0.1609173063 0.0039324265 -0.0194861383 0.0244579775 -0.1367777817 0.0218418614 0.1245628158 -0.1769098263 0.1955566296 -0.3685248840 0.1862925281 -0.3686064058 -0.2103280181 -0.2992813127 -0.1177664257 0.0286726561 -0.2910475626 0.0726410100 0.1616974864 0.2395824881 0.2117960440
-0.0802562457 0.0389566092 -0.5211292309 0.4234727586 -0.1953028684 0.0208986934 -0.3696980322 -0.4217634349 0.1360811618 0.0188740895 -0.4802455267 0.4961749300 -0.1387642479 0.0692130602 0.0722487799 -0.1128135477 -0.4437192997 -0.0790794493 -0.4048045482 -0.2001020223 0.0255449374 0.8880092543 -0.1174636744 -0.0161569850 0.0383418283 0.1588981097 0.0181938795 0.1876573301 0.0821478229 -0.0439329335 -0.2657178933 0.1725976200
0.0985564670 0.2112177121 -0.4311899647 -0.2086381267 -0.3635236243 -0.1166819046 0.1045967688 -0.0116036580 -0.5446571409 0.1530885173 0.0342379421 0.2217814197 0.2035244814 0.0698640327 -0.1488777041 0.0159338369 0.1240706445 -0.0279910858 -0.1469552636 0.2832192679 0.0552592400 0.2243679579 -0.1886056541 -0.0092338023 0.3558484778 0.1719242467 0.3095077505 -0.1364914276 -0.2206621414 -0.1444705571 0.0633919134 -0.1202341181
0.1029864268 0.5722477684 -0.1812709499 -0.2022239436 0.1087433479 -0.2723111507 0.4407343623 0.2350950800 -0.1431141013 -0.6338695838 -0.1341646725 -0.1334335524 0.0082055402 0.0738741532 0.1070323512 -0.0478261965 0.2047367764 0.2621033099 0.3397635226 -0.2044653258 0.2399489787 -0.0700443220 -0.0796075091 -0.1598814272 -0.3037989778 0.0344306137 0.3944955319 -0.1930566666 -0.3021904007 -0.0980226319 -0.1502692674 0.1065791399
0.3246070866 0.1819908420 -0.2345839189 -0.6857846864 0.2677820023 -0.0595579196 0.0976849903 0.0031998638 0.2293473119 0.2500752394 -0.1281052950 -0.0396068133 -0.1571600327 0.0083047956 0.1173343544 -0.3432033503 0.1925772651 -0.0176661584 -0.3232716753 0.1002753749 0.3081148417 -0.2980324699 0.1120799599 -0.2621307921 -0.2684219455 -0.1314139606 0.1776367247 -0.1191877666 0.3833149850 -0.5198472140 -0.5108788935 -0.3206415136
0.1128793708 -0.1376291111 0.1026845384 0.2703313026 0.0272709588 -0.3651059123 0.0587175621 0.2465423501 -0.4484733329 -0.3186413278 0.3035267408 0.0162554347 0.2736997016 -0.2904290760 0.1823437063 -0.1821191276 -0.3863170342 0.1211947389 0.0144802126 0.1792148342 0.1846338170 0.3106908576 0.2129038631 -0.1418586436 0.0941327225 0.0549253934 -0.2986685771 -0.0460948358 0.1570945983 0.0107461886 0.2980067103 -0.1684919069
-0.6124937108 -0.0150362597 0.0633437314 -0.1759258957 -0.0582266599 0.0251114374 0.0865704196 0.0240527916 0.1458062529 0.0292893840 0.4719556086 -0.3617976694 0.1528516757 0.1390999872 -0.0608670235 0.2108874035 -0.4057813604 0.4336280661 -0.2284860858 -0.3364864392 0.1643901285 -0.2883634120 -0.0587371621 -0.1657904857 -0.1388492612 -0.1786285887 0.5244583817 -0.3097064314 0.0331474884 0.0329452838 -0.3510294805 0.3173829373
>Layer 1 biases: 16x1
-0.0074887850
0.0091101638
0.0038938005
-0.0210243353
0.0057335567
0.0348502050
0.0053379481
-0.0074253686
0.0142263183
-0.0028368114
0.0317202077
-0.0003574057
-0.0036302185
0.0138233903
0.0261803066
0.0085983370
>Layer 2 weights: 1x16
-0.1666924779 -0.1963617967 -0.1901766394 0.4338699628 -0.6631660431 -0.2359226784 0.3451106130 -0.3077253036 -0.3667736726 0.0327946918 0.4702512777 0.1214204399 -0.0546036121 -0.1297193390 -0.3435306546 0.1415618535
>Layer 2 biases: 1x1
-0.0914511736
