>Model: numpy_model_20260505_121015.txt
>Data used to train: /Users/andregodinho/Documents/GitHub/ANN_Backprop_Implement/data/training_set.howlin
>Number of samples: 4276
>Epochs: 200
>Learning rate: 0.01
>Batch size: 32
>Learning rate decay: 0.95
>Decay every: 20
>L2 lambda: 0.0001
>N layers: 4
>Architecture: 27,32,16,1
>Activation hidden: relu
>Activation output: sigmoid
>Loss function: binarycrossentropy
>Layer 0 weights: 32x27
0.0270352212 0.0118464857 0.1495578980 -0.3007627682 -0.2293998740 -0.3050674287 -0.3391691978 0.3004573870 0.0837944677 0.0750155176 -0.7077231875 0.3789896504 -0.1787504142 0.5617134191 -0.3317813210 -0.2135631895 -0.5271542851 0.1186547418 -0.1685470733 -0.2894474783 -0.4418875926 0.3277875857 0.2757452684 0.6012717524 -0.1399888846 0.2183831833 -0.5163243152
-0.0975494726 -0.1381677855 0.1221352625 0.2665887025 0.2778945188 -0.2324861942 0.2619840495 -0.0043479551 -0.0865262861 -0.1734005312 -0.1325448767 0.4578377619 0.0948894273 0.0530659910 -0.0421543625 0.6453638268 0.3558638735 -0.1777876471 -0.0703861761 -0.0416370215 0.0351093182 -0.1822427086 0.1196835225 0.2764358637 -0.4182438825 -0.3247636875 -0.1415954251
-0.1443043388 0.5018900020 0.2613642927 0.2493462186 -0.0801293610 -0.0882916464 -0.3772191616 0.2171254196 0.1247621911 0.3393926096 -0.0680491068 -0.0790073422 0.0518518710 0.2423186155 -0.3839044014 0.1759121894 -0.0048098080 -0.2561705648 -0.5269024624 -0.0467057529 0.3352643459 0.4877778854 0.1332593075 0.5267823071 -0.0109241586 0.2522452406 -0.1896186701
-0.0719809744 -0.2685281862 -0.5313496444 0.2930979010 -0.1714275137 -0.3811996467 -0.3591733394 -0.0953090845 0.4183579474 0.5291472099 -0.4696258751 -0.2076798410 -0.3403535894 0.2191748647 0.0479099799 -0.1310925547 0.0492174398 -0.2484812956 0.2624054779 0.1479585620 0.1897536220 -0.6644646035 -0.0148508848 0.6255860688 0.5153605588 -0.4392472947 -0.1496843064
-0.3207466505 0.4338906068 0.0770914925 -0.2043394291 0.0435375055 -0.7436053925 -0.3147580497 -0.0137506926 0.2266566325 -0.5269881604 -0.0993100214 0.2343488452 -0.3918143670 0.0571193130 0.0312157814 0.4559344066 -0.0304464607 -0.0658216016 0.2429351567 -0.3457959583 -0.0946645531 -0.0849519266 -0.0021918655 0.2146365658 0.1605881707 -0.1519626467 0.0302804104
0.3868613313 -0.2259977078 0.0428227883 -0.0611235164 -0.0176526788 -0.4682654558 0.3350551025 -0.2301142675 0.2658837210 -0.1742043355 -0.1488230905 0.3154774011 0.2520404185 0.0771523173 0.2250406262 -0.0889934742 -0.0145819793 -0.1941348501 0.2347306098 -0.1824166843 0.3983699958 -0.1038301536 -0.0193265657 0.2349602246 0.0586120854 -0.0739751318 -0.0065891194
0.1044668728 -0.2435358024 -0.0419570603 0.0321038441 0.1972259187 0.0280102742 0.5798070439 0.0094611781 -0.0639276968 -0.0236087924 -0.4002942066 -0.3593135037 -0.1262562735 0.2598221192 0.0306427237 -0.1487230749 0.3498479253 0.4309575503 0.4062990057 -0.2425324474 -0.1427918119 0.5247040124 0.0806739921 0.1241440469 0.2812357250 0.3404606644 -0.2136983820
0.0102395271 0.3205540476 -0.3907904960 0.0106358736 -0.3177029319 -0.1766291788 -0.1595712376 -0.0016380610 -0.1380325404 -0.1749507733 0.0273977351 -0.2910915803 -0.0066444942 0.2940454599 -0.0426526164 -0.1297679401 0.0328547715 -0.4960037119 0.2478475973 0.8644653274 -0.2374663209 0.0039548347 0.2987121717 0.2838860454 0.1287473680 -0.6944807447 0.0979024912
0.6955252503 0.1584118158 -0.3104326898 0.0330537051 -0.3017618175 0.2671682208 -0.2436856644 0.0209423742 -0.1855465594 -0.1697821078 0.3574130222 0.0113289438 -0.1487496614 -0.2938773816 -0.4662660594 -0.3061821490 0.0723025538 0.3041918038 -0.1530717353 0.4216075318 -0.1714660439 -0.0721340013 -0.3132130102 0.2776436885 0.6752181715 -0.4520250128 -0.1195149192
0.3278568470 -0.3993089604 0.1483279364 0.3327388398 0.0055458895 0.1346001857 0.4608618195 0.5120617495 -0.0259405397 -0.1582595746 -0.2566035836 0.2479692853 -0.3884490632 -0.0704483571 0.0050282490 -0.1496544173 0.0567906160 0.6965311170 -0.0391887693 -0.1299945253 0.2581262240 0.0863014826 0.3954731226 0.0633333396 -0.0526353856 -0.4496980001 -0.4247603433
-0.3981035444 0.0662836733 -0.3980873426 0.2333408453 0.0240500287 -0.1100844430 -0.3382373725 0.1171447567 -0.2240019276 -0.2412666490 0.3520418461 0.1314058906 -0.0453387911 0.1601666149 -0.0794303368 0.1223792123 -0.2376742712 0.4940438053 -0.2249580144 0.4199490537 -0.0451269955 0.2001292528 0.2001331848 0.2038110349 -0.2805835929 0.4836290431 0.6444390448
-0.0571610979 -0.0379418967 -0.2045944920 -0.1130051633 0.4372076196 -0.2765756392 -0.1387012891 0.3974638458 0.1265769343 0.4739410987 -0.1048075832 0.0199759349 -0.1435609143 0.0780069983 -0.3914848367 0.2198508662 0.0920836430 -0.0146428481 -0.0996862684 -0.2150390570 0.2161618906 -0.3086707299 0.1388290081 0.7083764466 0.5982674494 -0.4978178726 -0.0872626343
0.1062486634 -0.0258099656 -0.3379569283 0.1332502454 -0.0164002336 0.5488359801 -0.0556867359 0.3382085980 -0.3361467402 -0.2983304936 0.1687558356 0.2907470682 -0.2572543050 -0.0077091655 -0.3727355246 -0.0395604113 0.2243312811 -0.1416292137 -0.0735808623 -0.3176507700 -0.1708299107 0.4419523052 -0.0025842828 -0.2686346148 -0.0962129758 -0.4896684992 -0.2566218712
0.3873990847 -0.1679295867 0.4419601091 -0.0900156553 0.0541017402 0.1488190576 -0.7376178399 0.0592943941 -0.0442088635 0.4192290094 0.2382511150 -0.3708643182 0.3719265883 -0.0864517342 -0.2753147151 0.0623649925 -0.0572486475 0.3955505197 0.1381020258 0.0474795725 0.1837390680 0.3627119979 0.2739107782 0.3755495036 0.1242468405 0.2132355873 0.2935354924
0.0776434387 0.1052449759 0.4440789724 0.3529738801 -0.0258318830 -0.2606116285 0.1882559783 0.0240943444 0.0287193862 -0.1061638210 0.1884465771 0.1257312229 -0.2522340025 0.0436654301 0.0220934190 -0.1150492560 0.1864757635 0.1824350381 0.0679416410 0.0078504544 0.1934239210 -0.0685423034 -0.3698009257 0.0643287307 0.0765350236 0.7504024468 0.6319500887
0.2000161412 0.0786382800 0.0366790895 -0.2515415482 -0.4478490666 -0.2316100046 -0.0156369445 -0.5744165604 -0.1141362942 -0.0842967672 -0.0654200714 -0.1569709965 -0.1055135808 0.4596183883 0.1619874364 -0.1431339711 -0.0155871718 0.0368813162 -0.2089699300 -0.1960362918 0.2857779791 -0.0939176920 -0.2907568125 -0.0618188260 0.0128955378 -0.5398378173 -0.0427802439
0.2462894259 0.0201165196 0.5534341584 0.2701893467 0.4213018855 0.7577429174 0.1788393042 0.0829608274 0.2354786375 -0.1007277639 0.0408354217 -0.2295020734 0.1619169052 -0.1440137760 -0.2046687657 0.1145720208 -0.0426767458 -0.4640034666 -0.3358858949 -0.2973663337 -0.2351318632 0.1347921765 0.0757546857 0.2425827476 0.1261345427 0.3996488458 0.1402643268
0.0653126128 0.2846977126 0.2178974475 0.0817594253 0.3512917388 -0.6290481450 -0.0879284021 -0.0912693272 0.3160214460 0.4250051054 -0.3897074818 0.3717059212 -0.3090452181 -0.2948910424 -0.0624220695 -0.0861963063 -0.4054478845 0.1830011618 0.1780708303 0.2931639103 -0.1211742204 -0.0221614645 -0.0090913085 0.4347696225 -0.7703454783 -0.2470075302 -0.0076373862
-0.1495641933 -0.3187506450 -0.0517242898 -0.1480475009 0.0558781830 0.2209853402 -0.0990476984 -0.1114286907 0.0074798484 0.0792939083 -0.3100008212 0.0945721365 -0.1442982649 0.5244240177 0.1969323589 0.2973349806 -0.3241140125 0.0522116491 -0.1945155979 -0.0776044878 0.4244307310 0.2125840677 -0.4352669165 -0.2863728527 -0.2373127987 0.2778052295 -0.2349084583
-0.3712721749 0.1231852910 -0.5021198098 -0.1564370916 0.1102409316 0.0735511015 -0.1291799717 -0.1379067166 0.1825911088 0.1105367600 -0.1188526412 0.0474707534 0.1006957520 0.4582970830 0.2333904396 0.3677088416 -0.1269124152 -0.2020910565 -0.0934195559 -0.0146613225 -0.2264731599 0.2541450650 0.1670440667 -0.1144448678 0.2133367892 0.1383656637 0.2999004492
-0.1799516024 -0.0276386054 -0.0324831976 0.0409268790 -0.1658456620 -0.6693957459 -0.3462624988 -0.0453785439 0.0967560210 0.4356520078 0.1684669280 0.0078501690 -0.1510696648 0.4206065170 -0.1460132139 -0.0640173012 -0.4610381081 0.4574699275 0.1618479821 -0.1991900715 0.0593161147 0.2439491806 -0.0128476375 -0.2877677933 -0.4078401443 0.1146334636 -0.0998437775
-0.0180475903 -0.3325126702 0.0396939819 -0.1094622452 -0.0390444244 -0.0066998898 0.0694122900 0.1093911041 0.1096510166 -0.0573230729 -0.0638158496 -0.1982308588 -0.1570734620 -0.0132807986 -0.2173583748 0.0623815357 -0.2345399255 -0.5905092793 0.1035176489 -0.1032408151 -0.1442667494 -0.4297040679 0.0073221912 0.3452451651 -0.0365663634 0.0699813454 0.4586688857
-0.4751097703 0.5364636045 0.6569398232 -0.7227741082 -0.0434176714 -0.1967797579 -0.0605848642 -0.1173523149 0.2232012642 -0.0315659949 -0.2486673461 -0.0423925227 0.1367082277 -0.3240572154 -0.4535640040 0.5267310906 -0.1693182337 -0.0526663811 -0.1172419076 0.1335715977 0.4868195966 0.1757249554 -0.4003898589 -0.3569793336 -0.0867862212 -0.0308121000 -0.4566643538
0.2660196678 -0.2258610593 0.2839394501 0.2455895037 -0.0601558005 0.1194061502 -0.4536600656 0.1085389825 -0.3023583746 -0.2234028919 -0.0429736561 -0.1215205524 -0.0511985979 0.2619269863 -0.1651337910 0.4605171210 -0.4056828535 0.4082133758 -0.3038708086 0.0155317942 0.0723657276 0.0096840738 0.1486303611 0.4614936938 0.4841761305 -0.2646615692 0.1253337861
-0.3858110019 -0.3220881181 -0.2995857140 -0.0243681039 -0.0112410316 -0.4300692778 0.1561857157 0.4444189881 0.2683767951 -0.1987186020 -0.4621608616 -0.0138342407 -0.5468841110 0.2281280489 -0.0168827888 0.4403993156 -0.3874787389 0.2472145966 0.0801752579 -0.1540248784 -0.4287589123 0.2911173450 0.2502120401 0.7602560140 0.4356937093 0.0289963166 -0.3965480292
-0.3569218138 0.3903457937 -0.1962078745 0.3520106612 0.1358588745 0.0051768766 -0.1744701227 0.1120168736 -0.0484659261 -0.1237245945 0.1853005320 -0.0470485736 -0.2501559571 0.0871499655 -0.0247555921 0.1352607262 -0.1136949663 -0.4549285527 0.3364177624 0.4044165450 0.1812710310 -0.0497020509 -0.0363775857 0.4514297237 0.0435342235 -0.0856799649 0.5404051096
-0.0423879806 0.3387349585 -0.3702752951 -0.1663275239 0.3193120966 -0.0118221935 -0.3465004980 -0.4321138784 -0.0781023439 -0.0696915801 -0.0115342857 -0.5022357691 0.6128879988 0.1320951558 -0.0083651606 -0.2697719579 0.5537970122 -0.2313972238 -0.4151521487 -0.3663306716 -0.5549438586 -0.3297202166 -0.0214009999 -0.0967705216 -0.1160779693 0.2697496499 -0.5508049983
0.0284970047 0.5067931025 -0.0940183630 0.0904279037 -0.4003684035 0.4117523699 -0.1314555600 0.2880137281 -0.0254068018 0.1699693557 0.1748435616 -0.1611150474 0.3094609533 -0.1978677487 0.1969633875 -0.1148559990 0.0944279388 -0.1113249088 0.0490942352 -0.2507090212 0.0520149976 0.0157268531 -0.1341134661 0.0080185793 0.0365886450 -0.1944323101 -0.0819920174
-0.2448307546 0.6066159197 0.2879011884 0.0809853677 0.3360100346 -0.5140920657 -0.6707073573 -0.0855404561 -0.3379393928 -0.0595022965 0.0870182784 0.2600537891 -0.2830801153 0.1304822900 0.0202825861 0.1098151879 -0.1281039712 0.4299924172 -0.0072069508 0.4824520878 -0.1960604051 0.1738651706 -0.0266021272 -0.0987206570 0.1664121084 -0.1036073353 -0.7094717004
-0.8658820909 0.2782954222 0.3074187650 0.5395867824 -0.0541555087 -0.3259616426 -0.0381804670 0.0566407454 -0.2736231049 0.3972118061 0.5169844934 0.0113552126 0.0028682774 -0.3565023790 0.4039762551 0.0040815614 -0.0512719226 0.1288900029 -0.0938242237 -0.0105523492 -0.3808104484 0.3838840308 0.0100823114 0.4979523759 0.0418394579 0.1994523556 -0.3901431485
0.1516960468 -0.2206491579 -0.0892971872 0.0873790855 0.0118822106 -0.4652088625 -0.0713107846 0.1761154526 -0.0792482861 -0.0940196873 0.0234885497 -0.0545820374 -0.2792946127 -0.0212248122 0.2786134000 -0.2873593821 -0.1651823494 -0.4440762813 0.3133079386 -0.0883765033 -0.1728045728 0.0215821828 -0.3423207996 -0.2724440356 -0.3929672990 -0.2033559183 0.3941556492
-0.1925383739 0.1494374842 -0.1995322336 0.2457172970 -0.2817309234 0.0344811274 -0.0122932247 0.6059880460 0.2012135556 -0.1383794020 0.1894355896 0.5927493306 -0.4186483326 -0.2499297310 -0.0616707943 -0.1069407860 -0.0784090946 -0.3791233469 0.3703722338 -0.3762055859 -0.1202382371 0.2677023865 0.0267432719 -0.2779316295 -0.3744269776 -0.0127230687 -0.1479096413
>Layer 0 biases: 32x1
0.0947484159
-0.0510095252
-0.0166487497
0.0535468021
0.0314786681
0.0213041897
0.0946156355
-0.1704364803
-0.0430845863
0.0356372294
0.2228166488
-0.0944291106
-0.0361846112
0.1825622689
0.0894547975
-0.0593226428
0.1145965605
0.0282312414
0.1482416895
0.0749881881
0.2089163136
0.1404277808
0.0281070638
-0.1596443793
0.1865318042
0.0756628689
-0.1358956207
-0.0601904349
-0.0137634138
0.2375234349
0.1032588474
0.0457218667
>Layer 1 weights: 16x32
-0.0038911140 -0.3383923152 0.2095740527 0.0798576121 0.0624968762 0.3615957642 -0.1794545418 -0.1740036608 -0.0894771532 -0.0475117269 -0.0272347433 -0.1362184757 -0.4883512241 -0.1488797588 0.1310088273 0.0335014246 0.3087872433 0.4822334324 0.1779344705 0.3099281780 0.2113908384 0.4222917957 0.4416934218 0.2556601093 0.1171181165 -0.0247704094 -0.0430524348 -0.0831874945 0.1458346754 -0.1922461905 -0.0368650559 -0.5579145111
0.4621827414 -0.0668949306 0.0762351206 0.2364807427 0.0074867208 0.3880527700 -0.1194161964 0.6469075520 0.1552785010 0.0515535145 0.3612123630 -0.4830948547 -0.1104243646 0.4446987299 -0.4619641860 0.1416922967 0.0874559463 0.4640490913 -0.3532333667 0.4477904854 -0.2669245866 -0.0869308721 -0.2237886093 -0.3281432577 0.1869963672 -0.3030641618 0.3505476761 -0.1551822377 -0.2945564674 -0.1350686457 0.0436778353 -0.1591771531
0.0428559795 0.1700648508 0.2688580414 -0.0817778860 -0.2668346789 0.0306904525 0.1469735858 -0.3588752708 -0.2196726678 -0.1766823833 -0.0555287594 -0.2088143271 0.2060285822 -0.4205286442 -0.3809010551 -0.0818021836 0.0168968488 -0.3562130380 -0.1521457193 -0.1025302000 -0.1014902395 0.0725038616 -0.1613559685 0.3415175569 0.1699547917 -0.1956905936 0.0096767833 0.0301937313 0.2886943685 -0.1195718011 0.1956458291 0.0412172667
0.3403057972 0.3017736001 0.0180616299 -0.1719521915 0.0278634505 -0.0076924014 0.5931609862 0.1176750345 -0.1837872948 -0.1102345738 -0.3097588340 -0.0486357908 -0.2500446900 0.3909487386 -0.3147916522 0.0374251853 0.2728265287 -0.5482231706 0.5086982541 -0.0879234881 -0.1383441166 0.1261427543 0.2482339119 0.0262373840 0.3036868584 0.1130722426 0.6308647522 0.1356082843 0.4734432428 0.2459213762 -0.5008702616 0.5108940799
-0.1752807682 0.3613239633 -0.0708986630 0.3037077085 -0.1757483666 0.1545953063 -0.0809984954 0.3959599686 0.1276061831 0.2304547267 -0.5674470217 -0.0240984253 0.1005090847 -0.0189388674 0.1690998317 -0.0877154065 -0.0934407209 0.2890888069 -0.5577325373 0.1369221383 -0.0775588244 -0.2650917460 0.0823613019 0.3131117384 0.2409296574 -0.0000772374 0.1999173487 0.2137067387 -0.0211319288 -0.1935145142 -0.1554881533 0.2050773427
0.0228005167 -0.2584361227 -0.4115264432 0.1736953599 -0.1244358760 0.0794404697 0.3452276034 -0.3238687033 -0.0459731598 -0.0415910465 0.1095499166 0.2593211060 -0.3277323371 0.1454505463 0.2552567489 -0.0456078807 -0.0111427842 0.0999952591 0.0889289548 0.1655304230 0.1170231425 -0.2235217385 0.2495829038 0.2764705071 0.0861753784 -0.3625666280 -0.0122652390 0.0477610060 -0.2797762104 -0.0707848933 -0.3491748683 0.1442336780
0.0424672057 -0.4038347524 0.0998098946 -0.0405520693 0.1447226782 -0.1065668319 -0.1928965314 -0.1929720273 -0.1576113699 0.0062131971 -0.0143365845 -0.0683402332 -0.1055959101 -0.0973726035 0.5118972524 -0.1908664003 -0.2080035765 0.8022739307 0.0765989315 -0.3330583172 0.2021246775 -0.3098141507 0.2363262702 -0.0821064889 -0.1010301546 0.3956509628 0.1369085991 0.2349789219 0.0985812461 -0.0699150277 0.1344837446 0.2954861378
0.1012752072 0.4319918572 0.1713100405 -0.0528778659 0.0189290961 0.0150691941 -0.1907155746 -0.0307614286 -0.0360528634 -0.1010024536 0.0696876900 -0.1274864500 0.1760452169 0.1661045490 -0.0508040272 -0.3353566943 0.3976192962 -0.0416642749 -0.0080200281 -0.0465625191 -0.1748133032 0.3570001061 0.3610426164 0.0549495285 0.0449983410 0.0985054827 0.0798960055 -0.0456672369 0.0908207046 -0.0866043213 0.0427141523 0.0132354866
0.1633954697 -0.1515948329 0.1877367287 -0.2126590756 -0.1336861993 -0.1208940805 -0.2541037068 0.2490959322 -0.2238170431 -0.1709914146 0.3218083887 -0.1284235557 -0.0499295903 -0.2285233793 0.2295940227 0.2071922594 0.1942000816 0.1309480801 0.0186231279 -0.1283949534 -0.2060763382 0.3298933643 0.1941664151 -0.1563149135 0.0410048906 -0.0642505584 -0.2756926217 0.0435537474 -0.1027837651 -0.2272038692 -0.3656351643 -0.3901374228
-0.2891400222 0.0186718894 -0.0716818657 0.4952593624 0.0760983290 0.0803040077 -0.4554724967 -0.3775604864 0.2536777288 -0.3320874772 0.2790433932 0.3390796822 0.3107561937 0.1399847957 0.4682687061 -0.2820152102 0.0101785162 0.1262116056 0.2435131744 0.4473283150 0.4334122613 0.5392749358 -0.2651816219 0.4485619907 -0.5702437107 0.1260889300 -0.8227628184 -0.2872252373 0.1328423087 -0.3772428293 0.2292939699 0.4606707185
-0.1879687906 -0.2372580503 -0.1466581236 -0.2375471575 -0.0424776196 0.0219402789 -0.1167969400 0.3968454348 -0.1847366300 0.3405715729 -0.2958756511 0.0152190256 0.2890593405 0.2560570083 -0.1102458583 0.1358388906 0.0670396225 -0.1320384620 0.1419020742 0.3994293698 0.1051169848 0.1077994372 0.1636498122 -0.3625075170 0.0587611823 -0.2454827193 -0.1557336098 0.5288620498 -0.0683069026 -0.2015530992 0.2798629967 -0.2330060433
-0.1094213726 0.3057898552 0.0106727056 -0.3826347128 0.1329890485 -0.0975337297 0.3762469663 -0.1483917258 0.2572457453 0.4346112801 -0.2098765394 -0.0472064018 0.0952079057 -0.2103001864 0.0625838081 -0.0550660580 -0.0604519824 0.0119631272 0.0174535386 0.0398666216 -0.1466123895 -0.1371115418 -0.0289602817 -0.0111315796 -0.1073320933 0.0782698464 -0.4440330834 -0.1787924171 -0.0685099746 -0.2094996804 0.3983807138 0.0046386500
-0.0548429620 -0.1126764319 -0.0897368817 -0.2827527725 -0.2444246005 -0.2688909375 -0.2454968685 -0.6282422969 -0.2710304165 0.3565303759 0.4283708380 0.4323859015 0.3657935488 0.2968208163 0.0641621349 -0.2613509552 0.2515943485 0.0197069970 0.7192951409 -0.0735883924 0.6957615892 -0.0081311794 0.2677719731 0.3720001078 -0.6250046955 -0.1928050002 -0.3695906711 -0.3008632781 0.1591405696 -0.4239996836 0.0841322110 0.2432557095
-0.4657186551 0.3168332130 -0.1022502644 0.0854463231 0.1516495770 0.3286541453 -0.0373006280 -0.5284479987 -0.0215573345 0.0491219440 -0.2527879745 -0.0039399045 -0.0883640106 -0.3513806694 0.1834279887 -0.1377837371 -0.0938421854 -0.1129815825 0.3120716361 -0.0181702703 0.0223894748 -0.0963448512 0.1168618599 0.3053959283 0.1285030932 0.1507212122 0.1518091824 -0.3378862443 -0.2140679126 -0.0706222712 -0.1730539987 -0.2590299603
-0.4579648638 -0.3295807366 -0.0624080400 -0.0169812400 -0.1939957684 0.0195433067 -0.1056778957 0.2669612409 -0.0395723986 0.1704361424 0.0500481951 -0.3431759559 -0.0221897810 -0.3025026520 -0.0260384172 -0.1824018722 0.0944519671 -0.3285588808 0.0037065429 0.1407734464 0.2221591133 -0.1863464339 0.0041494256 0.0451377630 0.3793584554 -0.3624479265 -0.2230126105 0.6863857946 -0.0668435322 -0.4628191095 -0.1425834416 -0.6777182450
0.0433736955 0.1982926223 -0.2227648415 -0.1144364998 0.2269894156 -0.4279375075 -0.3332860321 -0.0550951989 -0.1830323119 -0.0736103298 -0.3213788321 0.0540512545 -0.0364431927 0.1258398759 0.0458647663 0.0513881257 -0.3514456907 0.1199221966 -0.0825222830 -0.0397689342 0.2457566699 -0.1670389183 0.3306328532 0.3544197074 0.1723459043 -0.2399886349 -0.5348800441 0.2640590358 0.0208405350 -0.1944292102 0.2873906170 -0.2106952774
>Layer 1 biases: 16x1
-0.0148921422
0.0740604980
0.0254306682
0.0168686764
-0.1120021761
0.0352570311
-0.1688086778
0.0005439943
0.0176122300
0.2514600707
-0.0699222793
-0.0031550174
0.2494017113
0.0287422094
0.0008061749
-0.0027063139
>Layer 2 weights: 1x16
-0.0689283413 0.6129483073 -0.4453323465 0.7068899308 0.4877635462 0.0518425138 0.4034590256 0.2011923926 0.1498403633 -1.6603326938 -0.3494785647 0.2563898844 -1.2994998448 -0.1344961208 0.1140717869 0.4929839137
>Layer 2 biases: 1x1
0.0588323977
